r_100_50_6
100
 52   0  40   0   0   0   0   0  31   0  70   0   0   0   0   0  87  68  81   0  99  49   0  89   0  54   0   0  85  11  70   0  85   0   0   3   0  44  13  82  10  12   0   0  83  49   0   0   0   0   0  91  61  88  22  65  81   0   0   0  97   0  10   0   0  33  88  83  77  83   8  35  91   0  15   0  58  30   0  11   0   6   0  12   0  98   0  41   0   0   0   0  11  66   0   7  85  22  15  82 
  0   0   0   0  88  17   0   0  95  80   0   0  53   6   0  23 100   0  74  11  99   1   0  40   0  91   0   0   0  94  77  75   0   0  59  42  23  51   0  14  27  98   0   0  69  12 100  46   0   0  93   9  31  66   2  67  52  72   0   0  61   0   0  69   0  10  69   0   0  79  43   0  71   0 100   0  19   0   0   0  92   0  13  86  23  28  35  49  72   0   0   0  58   0  57   0   0   0  31 
  0   0  73   0  28   0   0   0   0   7   0   0  17  31  88  69  83   0   0  27  60  33  58   9   0  18   0   0   0   1   0  63  79   0  36  49   0   0   0  60  59   0   0   0   0   0   0   0   0  32  29   7  77  41   0  67   0   0  38  29  38  73  55  47  24  26  68  54   0   0   0  26 100   0   0   0   0  97  50   0   0   0   0   0   0  66   0   0  67  57   0   0  76  74  22  11  89   0 
  0   0  79   0   4   0   9  97   0   0   0   0   0   0  22  97  25   0   0  14   0   0  96   0   0   0   0  83   0  13  14   0   0   0   0  48   0  22   0   2   0   0   0   0  70   0  59  30   0   0  18   4  90  83   0   0   0  41   0   0  34   0   0  40   0   0   0   0  81   0  46  60  38   0   0  97  16   0   0   0   0   0   0   0  84   0   0   0   0   0   4   0   0   0  46  64  97 
  3  77  19  88  71   0   0   0  98   0  78  38  27  58   0   0  44   0   0  50  95   0  26   4  69   0   0   3   0  78  82  88  66   0  79   0   0  23  25   8  25   0   0  56  13   0  67   0  24   0   0   0  35   7  10   0   0   0  18  53  18  44   0   0  64  51  66   0  46  54  64  60   0  51  40   0  92   0  74   0  60  46   0  15  61   0   0   0   0   0   0   0   0   9   0  57 
 30  94  73   0  51   0  44  62   0  39  65   0  96  53   8  62  88  43   0  22   3   0   0  25   0  44  14   0   0  65  50  42   0  41   0   0  21   0  57   0   0  14   0  95  48   0  17   0   0   0  27   0  30   0   0  64   0   0  88  10   0   0   0  61   0  43   3  19   0   0  25   0   0   0  60   0  88  29  47   0  97   0   0   0  18  86   0  69  23   0  16  71  19  18   2 
  0  21   0   0   7   0   0   0   0  34   0   0  74   0  26  49  71   0  22   0  81  31   0   9  36  29  10   0  27   0   0   0 100   0  86  41   0   3   0  95   0  78  34   0   4   0  76  68   0   0   0   0  83   0  48  87  38   0   0   0   0  29  60   0   0   0   0   0  41  27  80  27  82   0  79   0   0  36   0   0  63  41  52  97  58   1  65   0   0  52   0  12   0   0 
  0   6  97   6   0  87  24   0   2  27   0   7  80  33   0  27   0   0   0   5  92   0   0   0   0   0  63   0  69   0   0   0   0  36  45  47   9   0  63  59   0  52  66   0  17   4  10   0   0   0   0   0   0  55   0   0  31   0  67  20  18  74   0   0  52   0  23  94  48  96  53  36   4  68   0   0   2   0  36  85  11   0  39  88   0   0   0   0  86  87   0  59   0 
100  13   0   9   0  57   0   0  20  35   0  81  42  36   0  58   0  66  84  51  18   0   0  33   0   0  51  42   0  65  80  67   0  88  10   6   0   0  54   0   0   0   0   0  80   0   5   0  38  85   0   0   0  54  24   0  79  53  16   0   0   0  15   0   4  50   0  44   0  20  70   0  17   0   0   0  54   0  80   0  31   0  78  92  81   1   0  59   0  83   0   0 
 85   0   0  12   0   0  33  79  62  41  39   0   0   0   0   0   0  18  80   0  44   0   0  90   0   0  82  53  82  38  12   0   0   0  29   0   0   0  86   0   0   0   0   0   0   0   0   0  39   0   0   0  24  18  36  42  29   0  68  26   9  63   0   0   0  81   0   0   0   0  93   0   0   0   0   0  88   0  61  71   0   0   0  89  32  82  24   0   0   0  73 
 81   0   0   0   0   0   0  15  38  39   0  44   0  57  39   0  86  41  64   9  91   0   0  82   3  16   0   2  47  32   0  97  29  86  28  81  45  27  80  10  58   0  81   0   0  96  96  85   0  43  91  40   0   0  27  32   9  88   0   0  15  90   0   0   0   0   0   0  79   0   0  44   5   0   0  10  54   0  20  27  96   0   0  24  80   0  83   0  36   0 
 64  72  70   0  81   0   0  99  88   0 100  50  33   3   0  49   0  80  36   8   0   0  18   0  66  57   0   0   0   0  61  14   0   0   0   0  38  95  95  41   0   0  61   0  17  78   0   0  78   0   0  31   0  89  81   0   0  30  64  40   0   7   6   0  28   5   0   0  15   0   0   0   0   0   0   0   0   0  97  18  24  70   0   0   0  79   0  30   0 
  0  92  29   0   0   0  85   0  21   0   0  78   0  92   0   0   0   0   0   0   0   0  34   0   0   0  99   0   0  36   0  29   0   0   0   0   0   0  42  27  65   0   0   0   0   0  25   0   0   0   0  68  68   0  73   5  37   0   4   0   0   8   0   0   0  67   4   0   0  97   0   0   0   0  76   0  78   0   0  97   0  34   0   0  98  89   0   6 
  0   0  35   0   0  51   0   0  19   0   0  16  71   0   0  69  93   0  36  78   0  26  77  81   0  68   0  14  63  51  53   0   0  99   0  34  79   0   0  13   0  64   0   0   0   0   9   0   0   0  91  32   0   0  20  21  72   0  68   0  69  28   0   0   0   0  36  71  85   0   3  17   0   0   0  38  25   0   0   0   0   0   0   3  28   0  92 
100  26  18   0  84  84   5   0   0   0  19  76  73   0  73   0  37  34   0   0   0   0   0  67   0   0   0  72  55   8  95   0   0  48   0   0   0  50   0   0  51   0   0   0   0  19  28   0   7  28   0  72  72   0  74  64   0   0  18  69  49   0  86  79   0   0  93   0   0   0   0   2   0  94  94  41   0   0   0  63  16   0  15  40   0  51 
 79  39   0   0  22  93  89   5   0   0   0  37   2   0  31  85  34   0   0  89  66  24  31   0   0   0   0  15   0   0   0   0   0   0   0   0  49   0  60   1   0   0   0  94  10  45  21  39   0   0  26  83   0   0  98   0   0  20   0   0   0   0   0   7   0   0   0   0   0  53  17   0   0   0  93   0  58  47   0  46   0  12  38   0   0 
 21  82  56   0   0   0  36  97  11  93   0   6   0  52   0   0  37  60   0   0  35   0  33   0   0   0  40  97 100   0   1  32   0   0   0  38  76   0   0  67  70  26  72   0  94   0   0  53  10  85   0   0  13  20  11   0   1  94  90  91   0   0  83   0  66  61   9  51   0   0  15  80   0  44   0   0  67   0   0  35   1  59   0  78 
 79   0   0   0   0   0  25  66   0  76   0   0  63   0   0  87   0  94   0  40   0   0  90   0   0   0  56   0  90  64   0   0  37  46   0   2  53   0  18  48  33   0   0  14  26   8  17   0   0  56   0  69   0  85  32   0   0  22  43   0  12   0  43   0  58   0   0   0  90  84   0  19   0   0   2   0  59   0  27   0  42   8  31 
  0  29   0   0   0   0  92  21  71  43  43  35  70  62   0   0   2   0   0  95   0   0   0   0   0  38  32   0  44   0   0   0   0   0  81  42  77  11   0   0   0  85   0  82  90   0  15  27  68   0   0   0  96   0  35   0   0  37   0   0   0  31  95   0   0  90  53   0  26   0   0   0   0   0  43  63   0  93   0  72   0  48 
 20   0  62  80   0   0   0  19   0   0   0   0   0  49  59   0   5  95   0   0   0   0   0   0   0   0   5   0  64  99   0   0  20   0  32   0   0  19   0   0   0   0   0  80   0   0  30  11   0  19   0   0  54  85   0  52   0  77  31  33  35   0   0   0   0  51  62   1  28   0  14   0  94  73  48  95   0   0  31  81  21 
 57   0  12  62   3   0   0  83   0   0  28   0  33   0   0   0   0  97  43  53   0   0  84   0  86  88   0   0  12  96  25  77  35   2   0   8   0   0  25  16   0   0  64  62  23   7   0  30  48   0   0   0   0   5  39   0   0  86  62   0  27  56   0   0  59   0   0   0   0   0  48  15   2  41  37   0   0   0   0  45 
  0  70   3  15  11  45   0   0   0   0  81   0  13   0  25  70   0   0  97   8  67   0   0   6   0  57   0  68  66  81  83   0   0   0   0   0  81   0   0  68  57   0   0  73   0  49   0   0  90   0  87   0   0   0   0  99   0   0   0  88  78  56  79  88  50   0  34   0  84   0   0  25   0   0   0  24  77  88  22 
  0   0  86  88  32   0   0   0  47   0   0   0  59   0  73  91   0   0   3  89   0  63   0   0  38   6  11   0   0   0   0  74   0   0   0  66   0  88  58   0   0   0   6   0   0   0   0  98  30   0   0   5   0   0  19   0   0  37  58   0   0  88   0   0  75  33   0  99  40   0   0   0   0   0  21  11  50  12 
  0  91  59   0   0   0   0  28  97   0  18   0   0   0  55  77  24  38 100  98   0   0  58  64   0   0  27  75  58   0   6   0  31  13  34  98  21   2   0   0   0   0  48   0  37   0  59  18  12   0   0  65 100  65   0   0  42   3   0   0  27   0  52  93   0  27  69  47  89  70   0  62   0   0   0  37   0 
 51   0   0   0   0  94   0  14  37   0  44  67   9  79  49   0  29  37  36  68   0  36   0   0  34   0   8  98  52  45   0   0   0   0   0   0   0   0   0   0  85  12   2   0  16   0   0  59   0   0   0   0   0   0  10  16  39  19   0   0   0   0   0  67  38   0   0   0   0   0   0   0  79   0  49  59 
  0   0   0   0  51  66  37  74   0   9   5  52  10  39   0   0  88  52   0  72  35  88   0   0   9  81  25   0  44  87   6  30  80   0   0   0  66  27   0   0  23   0   8   0  32   0  44   0  13   6   0   0   0   0   0   0   0   8   1   0   0  54   0   0   0  34   0   0   0   0   0   0   0   0   0 
 81   5   0   0   0   0  32   0   0   0   0   0   0  48   0   0   7   0   0  69  20   0  44   0   0  58  77   0  74  87  73   0  40  31   0  83   0   0  85   0   0   0  12   0  65  62  93  28  89   0  25   3   0   0  59   0   0   0  50  21   0   0  78  82  66   0   0   0   0   0  15   0  90  19 
 19   0   0  31   0   0   0   0  81  14  34   0  71  26   0  71   0   2  98   0   0   0  97   0   0   0   0  72  45   0  72  81  77  13   0  36   0  44  55   0   0   0  37  23  93  45  84   0   0   0   0   0  22  15   3  15   9   0   0  34   0   0  25   0  48   0   0   0   0   0  51   0   0 
 60   0  44   0  86  43   0   0  24  15   0  25  70   0   0   0  23   6   0  74   7   0   0  71  87   0  70  57   0   0  81  71  46  17   0   0   0  41  77   0  18   0  56   0  52   0   0   0   6   0  79   0   0  53   0   0  31  50   0  84   0   1  39   0  92  30  90   3   0   0  48  98 
  0  63   0  71   0   0   0   7  58  48  50   0  79  10   0  85   4  57   0   0  68  33   0  49  73  74  27  16   0  34   0   5   0   0   6   0  31  76   0  61   0  40   0  58   0   0   0  44   0   0  63  69   6   0   0   0   0   0   0  22  86  60   9  28   0   0   0   0   0  54   0 
  7   0   0   7  99   0  46   0   0   0  14  11   0  18  29   8   0   3  35   0  21  12   0   0   3  73  29   0  16  13   0   0   0   0   0   0  87  19  66  37  45  92   0  41   0  94  92  36  21   0   0   0  33  31   1  79   0  56   0   0   0  73   0   0   0   0  57   0  95  44 
 35  52  21   0  36   0   0  95  82  47   0  12   0  39   0   0  16  32   0   7   0  83  73  52  17   0   0  48  31  83   0   0   0   0  76   0   0  54  66  92   0   0   5   0  79   0   0   0   0  19  44  15   0   0   0   9   0   0  15   0  57  59   0  47   0   0  28   0  90 
  0   0   0   0   0   0  68  25  53   0   0  36   0  72  32  45   0  29  52   0  57 100  90  25   0  66  98   0  23  85  85   0  49  38   0  53   0  44   0   7  24  20   0   0  61   0  92   0  59   0   0   0   0  49  68  82   0   0  86  89   0   1   3   0  71  50  21   1 
  0   0   0  23  58   0  26  64   0  50  27   0   0  80  28   0  20  95   0   0  88   0   0  55   0  70   0   0   0   0   5   0  59   0  88  38   0  54  75  68  53  61   0  37   0   0  54   0  27  19   0   0  26   0  13   0  22   0  84   0   0   1   0  17  65   0   3 
  0   0  35   0  69   0   0  67   0   0  81   0   0   5  31  40  75   0  83  45  69  96   0   0  68  92   0   0  18  91  28   0   0  30  45  95  71   0  63   0  17   0  25  80   0   0  34  56  86   0  75   0  68   0   0  64   0  56   0   0   1   0   0   0   0   0 
 51   0   0  58  37  55   6   0  41   0  64   0   0  67  98   0   0  40  14   0   0   0  56   0  99  72   0   0  74  18   0  32  65  13   0  85   0 100   0  29   0   0  90  39   0   4  27  81  71   0  64   0   0  65   0   0  75  91   0  28  62  86  91   0   0 
 84   0  27   0  48   0   0   0  83   0  85   0   0  16   0   0   0  71  87  83  17  39  37   0   0  12   0   0   0   0   0   0   0   0   0  80  26   0  83  72   0   0  85  56  18  37   0  41   0   5   0  55   8  88  68   0  75   0  25   0 100  21   0  10 
  0   0   0   0   0  26  51  87  78  22   9  45   0 100   0   0  72  99  71   0  29   1   0   0   0   0  28   0  98  34  44   0  98   0  99  74   0  45  69   0   0  18   0  24   0  25  83   0   0  64   0   0  34   0  99   0   0  84   0   0  47   0  88 
 66  84  17  27  98   0  58  46   0   0   0   0  31   0  13   0  78  95   0  60   0   0  91  85   0  52  58  94   0  49  94   0   0  12   0  31   0   0   0  37  33  88  96  94   0  43  88   0  93  22   0   0  87   0  89  49  25   0   0  54   9  71 
  0  66  54  85  76  98  30   0  86  16  46  70   0   0   0   0   6   0  27   0   0   0   5  59   0  15   0  18   2   0  17  18   0  18   0  21   0   0   0  66   0  18   0  85   0   0  76  80  40   0   0   0   0   0   0  49   0  55  11   7  48 
 75  48  46   0   0   0  69   0   0   0   0   0   0  11  77   0   0  98   0  72  26  37   0   0   9   0   2   0  17   0  58  15   0  59   0   0   0   0   0   0   0  22   0  40   0  66  50  60   0   0   0  99   0   0   0   0   0  41  44   0 
 17   8   0   0   0  86  77  40   0   0   0  85  47   0  70   0  19   0  99   0   0  19   0  54  33  88  83   0   0   0  42   0  90  83  23   0   0   8  64  58   0   0   0   0   6  68   0  19   0  75  39   0   0  96   0  87   0   0  38 
 58  52   0   0   0  46  74  45   0   0   0  98  64   0  66   0   0   0   0  69   0   0  85  47   0   0   0  43  59  72  98  76   0  46   0  77   0  12  98  63   0  38   0   0  47   0   1  92  57   0   0   0   5  53  10  17   0   0 
 35   0   0  46  84  96   0   0   0  36   8  60  70  77   0  20   0  70   0   0   0  25   0   6  96  99   0  61  38  72  98  58  56  45   0  16   0   0   0   0   0   0   0   0  81   0   0  77  63   0   1   0   0  22   0   0   0 
  0  76  42   0   0   0  95  22   0   0   0  76   0  41   0   0   0  19  67   0   0   0   0   0   0   0  41   0   0  39  63  83  55   5  78   0   0  14  85  57  56   0   0  82  41  79   0  97   0   0   0   0   5   0  20   0 
  0  93  13   0  91   0  21   0   0   8   0   0  27  30  75   1   0   0   0  57   0  82   0 100   0  13  39  58   0   0   0   0   0   0  41  77  19   0   0  70  58   0   0  30  16  13  25   0  38   4  21   0   0  35  17 
  0  11   0   0   0   0  22   0  26   0  62   0  70  83  72 100   0   0  64   0   0   0   0  41  40  94   0   0   0   0  12  16  79   0   0  47  75   0  97  73   0   0  10  83   0  88  58   0  79  56   0  52  10  38 
 31  87   3   0   0  74  17   0  19  78   0   0   0  13  47   2   0  68   0  82   0  48   0   0   0   0  29   5   0   3  69   0  86   0  58  28   0  52  80  34   0   0  72  14   0  93   0  64  59   0  91  32   0 
  0   0   0   0  46   0   0  56   0  99   0   5   0  21  90   0  17   0   0   2   0 100   0   2  23  12   0  59   0   0   0  43   0  42   0  18  74  61   0   0  35  38  50   0   0   0   0  12  91  82   0   4 
 71  42  72  74  36  37   0  24  25   0   0   0  43   0  13   0   0  76  89   0   0  41   0   5  27  39  19   0  95   0   0  98   0  34   2  97   0   0   0  19  51  97  60  98   5  91  82  45  76   0   0 
 77   0  32  39   0   0   0   0   7   0   0   0   0   0   0  74   0   0  85  21   0  52   0   1   0  28  47  83  70  83   0  19   0  83   0  22  45  93  57   0  76  11   0   0  28   0  73  75   0   0 
 15  97   0  20   0   0  73   0   0   0  63  37   0  69  33   1   0   0  93  27   0  64   0  40  32   4   0   0  73   0  24   0   0  27   0  54   0  45  97   0  36  25   0  87   5  13   0  89   0 
 38   0   0   0  75   0  98  41   1  88   0   0   0   0   0  63  67   0  80  61  71  20   6  13  39   6  14  71  24   0   0  92  18   0  92   0   0  80   2   0   0  45  86   0   0  69   4   3 
  0  24  18  25   0  64   0   0  23   0  75  51   1  43  61   0   0  73  16  92  10  54   0  40  71   0   0   0   0   0  99   0  67   0   0  50   0  44  78  91   0   0   0  50  85  87  40 
  0   0  48  79  43   0  40  47  47  69   0  39  85  58   0  98  86  12  10  10  14   0   0   0   0   0   0  77  25   0   0  68   0   0  36   0  48  77   0   0  65   0  18   0  24   5 
 33   9  20  39  70   0   0   0  68  50   0   0   0  61   0   0  47  44  23   0   0  94   0   0   0   0  27   0  39  87   0   0  29  23   0   0   0   0   0  14  40   0  45   0  88 
  0   7  28   0  31  53   0  81  39   0  74  16   0   0  81   0  12   0   0  52   0   9   0   0   0  13   0  68  68   0   0 100   0   0  49   0  15   0  50  92  43  70  77  85 
 55   0   0   0   5  61  94   0   4 100  98  57  31   0  31  94   8  67   0  84   0   0  32   0  62  10   0   5   0   0  84   0   0   0  82   0   0  16   1   1   0  58   0 
  0  44  74   0   0  79   0  52   0 100  27   0  40   0   0  93   0   0   0   0   0   0   0   0  74   0   1   0  74   0   0  26   0   0   0   7   0  76  52   0   0   0 
 17   0   0   0   0   0  74   6   0   0   0   0   0  31   0   0  21  57   0   0   0  98   0   0  67  18   0  89   0  24   0   0   0   0   0   0  60   0   0   0   0 
  0   0  54   0  12  53   0  61   0   0   0  73   0   0  26   0  43  20  33   0  42   0  73  86   0   0  26  73   0   0   0   0   0   0  27  12   0   3   0   0 
  5   0   0  88   0  31  31   0   0   0   0  29  12  68  35  67  19   0   0  55   0   0   0   0   0   0   0   0   0   0   0   0   0   0   0   0  59   0   0 
 87  67   0   0  10   0   0  27   0   0  23  98   0   0  45  36  69  91  15   9  13   0  74  99   0  45  13   0  94  80   6  97   0   0   0   0   0  21 
 12   0  56   0  46  18  93  75   0  52   0  18   0   7  72  87  49  28  14  68   0   0   0   0   0   0   0  89   0  95  95   0  67   0   0   0   9 
  0   0   0   0   0  49   0   0   4  99   0  13  48   0   0   0  34  76  26   3  67   0  87   0  15   0   0   0   0  83  44  24  36   0   0   0 
 22   0  26   0  66   0   0   0   0   0   8   2  74   0   0   0  81   0  29   0  91   0   0  34   0  50  18  12   0   5  38  66  10   4   0 
 29   0   0  64 100  50  67   0  80   0   0  84  11   0  35   0  80  88  12   0   0  11   0   0   0  22   0   0  23   0   0  88   0  45 
  0   0   0   0  57   0   0   0   9  25  41   0   8   0   4   4   0  93  62   0  14  47  53   0  61   0  17  45  82  83   0  69   0 
 78   0   0   0   0  13   0   0   0  55  92   0  76   0  22  36  19  83  48  58  85   0   0   0  70   0  94  76   0  95   0   0 
  0   0  71   0  50   0   0   0   0  75  41  50  71   0  27 100   0   0   0  18   0   0   0   0   0  58  94  27  73  35   0 
 27   3   0   0  14   0  68   0   0  72  89   0   0  74   0  88  21  47   0   0  24  75   0  51  64   0   0   0  13   0 
  0  74   0  34  67   0  55   0   0  50   0  56   0   0  19   0   0   0  41   0   2   0   0   0  38   0  11  21   0 
 21   0   0   0   0   0  40  61  90  19   0  80  23   0   0  29   0   0   0  93  77  52   0  94   0  49   0  71 
  0  37   0   0  78  42   0  74   2   0  10  58  20   0   0   0   0  18  74  95   0  20   0   0   0  66  84 
  0   0   9  11   0  70   2  59   0  47  53  78   0  65   0   0   0  68   0   0   0   0  77  13   0  13 
  0  40   0   0  73   0  50   0   0   0   9   0   0   0   0   0   0  39 100   0  93   0   0   0   0 
  0   0  17   0  66   0  60  19   1  73   0   0   6  32   4  87   0   0  71   8   0   0  76   0 
  0   0   0  26  16   0   0   0   0  96  36   0  89  77   0   0  51   0   0   0   0   0  44 
  7   0  33   0  94   0   0  97   0  90  21  72   0   0   0   0  34  69  15  80   0  86 
  0  14   0   5  56  67   0   0  81  95   0   0   0  91   0 100  83  13  45  77  57 
 90  41   0   0   8   0  76   0   0  17   0  53   0  62   0  46  94   0  54   0 
 15   0   0   0  27  15  82   0  11   0   9   2   0   0   0 100  25  16   0 
 41  47   0   0   0  62   0   0   0   0  85   2   0  93  53   0  16   0 
  2  93   0  74   0  62   0   0  46   0   0   0   0  23   0  31  16 
  0   0  60  58  53  26   0  86   0   0  86   0   0  97   0   0 
 91  46  12   0  12   0   0   0  90  96   0  14  11   0   0 
 40  26  36  73  96  50   0  37   0   0  98   0  95   0 
 74   0  46  25  72   2   0   0  22  24   0  97  37 
  0   0  26  63   0   0   0  60  96  44   0  46 
 84   0   0   7   0  37   8  66  94   0  58 
  0  79   2   0  35   0  44   0   0  88 
  0  67  25   5  55  91  33   2  40 
  0  99   0  61  89   0   0   0 
  0  55  19  61   0   0  21 
  0  50   0   0  52   0 
 83   0  96   0   0 
  0   0  94   0 
  0   0   0 
 23   0 
 63 

0
321
 40  14  20  49  48   1  16  21  35   2  34  26  39  34  27  13  35  40  46  17  42  30  18  23  23  14   6  19  15  24  17  28  19  40  33   9   4  34  39   7  46  32  44  16  15  15  45  43  22  19   9  20  41   5   7  24  37   3  48   5  47  46  22   3  46  24  15  22  25  50  20  23  34  18   2  24  36   5  50  21  19   5  16  26   9  40  26   8  15  10  13  48  15  15  16   2  34  19   1  11 

Comments

Density             : 50.00 %

