r_100_50_5
100
 66  78  86  64   2   0   0   0  93   0   0   0  98   0   0  33  53   0  65   0   0   0   0   0  53  16   0  52   0   0  26  53  75   0   6   0   0  50  28   0   0   0  18  61  91   0  53  84   0   0   6   0  51  67   4  35  20  35   2  64  63  69  75  13   9  59  26   0   0  11   0  58  38   0   0  94   0  10  68   0   0   0  89  13  52  14  69   0   0  83   0  22  17   0   0   0   0  19  13   0 
  0   0   0  41  34   0   0  41   0   0   4   0  94   9   0   0   0   0  62  50   0   9   0   0  18   0   2  75  87   0  59   0   0  27  23   0   0  49   2  43   0   0  13  40  73  87   0  33  89   0   0   0   0   0   0  42   0 100   0  28  12  23   0   0  21   0   0   0   8  38  34  26   0   0  38  31   0  99  81  14  48  17   0   6  57   0  92  15  13   0   0  88  48  59   0  48   0  75  84 
  0   0  16  82   0  77  84   0   0   0   0  94   0   0  92   0   0  58  37   0  88  30   0  72   0   0  83   0  54  84   0   0  85  73  12  36  56  50  10  31  83  88   0   0  58   0  35  82   0   0  30   0   0  64  32  95   0   0   0  17   0   0  86   0  31   0  15   0   0  88   0  45  90   0  51   0   0   0  22  63   0   0  66  71   0   0  71  24   0   0   0  65  29  76  83   0   5   0 
  0  10  37  14  27  75   0   0   0   0   0   0   0   0   0  85   0   0  32   0   0   0  12   0   0  41  22   9  83   0   0  29   0   0   0   0   0  70  69  17   0  14   0   0   0  82  66  71  15   0   0  54  39  87  25   0  48   0   8   5  96  17  29  71   0   0  75  24   0   0  56   0   0  74   0  99   0  98   0  57  45  20   0  85  22   0   0   0   0   0   0  19  15  76   0  42   3 
 54  60   7  56   0  10  93   0  36  16  14   0   0  17  56  66   0  96   0   0  75   0  34   6   2   0  65   0  52   0   0  56   0  24   0   0  28   0   0  33  53  60  75   0  52   0   0  70  67  73  34  26  46   0   0  62  18  29  78   3   0  23  11  67   0   0   0  34   0   0   0   0  91   0  64   0   0  36   0  68   0   0  66   0  96   0  94  46   0  37   0   0   0  48   0  81 
  0   0  70  82  29   0   3   0   0   0   5   0   0  77  23  42  89   0   0  63  72   0  72   7  31   0  13   3  39   0  27   4  70   0   0   0 100   0   0  91  90  17  43  95   0  48  23  19   0  91  35  15  98  77   0   0   0  20   0   0   0  93  35   9   0   0  39   0  79  28   0  76   0  68  52  12   0   0  31  87  69   0  30  98  60   4  51   0  13   0   0   0   0   0   0 
  0  89  66  73   0   8   0  71   0  86  75  46   0  91   0   9  63   0  68   0   0   0  78   0  63  97   0   0  13   0  23   9  14  81   0   0   6  96  99   0  78   0   0  22   0  67  55   0   0  33   0  25   0   0   0   5   0   0   0  33   0  86   0  97   0   0   0  31   0  58  33  85  47   0   0  84   0  52   0  44   0  72   0   0   0   0   3   0   0  58  56   6 100   0 
  0   0   0   0   0  32  63   0   0  40   0  92  25  65  52  99  96   0   0   0  54  85  16  39   0   0  22   0   0   8  21   0   2  96   0   0  82   0   0   0   0  98  16   0  76   0   0   5   0   0   0  48  18  71   0  75 100  56   0  54  10  27   0  53   0  19  42  64   1   0  95   0   0  11   0  28   0   0  85  14   0  63 100   0  84   0  68   5   0  51   0   0   0 
  0  25   0   2   1   0   0  52   0  45  11   0   0   0   0   0  40   0  17  40  39   0  27  66   0   0  23  99   0   0   0   0   0   0   0   0  76   0  55   0   0   0   0  37   0   0   0  17   0   0  13  66  73   3   0  94   0  20  72  98   0  35  92   0  79   0  76   0   0 100  45  24   0   0   0  61   0  33   0  42  45   0   6   0   0   0   0  12   0   0  65   0 
  5   0  89   0   2  80  26  11   0   0   0  22   0   0  21   0  23   0  26  89   0   0  71  93   0  66   0  97  59   0   0  58   0   0  96   0   0   0   0  51   9  28   0   0  68   0   0   0   0  22  31  96   0   0  50   0  20   0  78   0  57   0   0   0   0  95   0   0  36   0   0   0  69   0  57   0  90   0   0   0  79   0  84  87  75  62   0   0  23  75   0 
  0   0   0  10  17   0  46   0  80   0  13  62  99   0  59   0   0   0   0   0   0   2   0   0   0   0   0   0   0   0  55   0   0   0   0  88  98   0   0   0  83   0   0   0   0   0   0   0  52  96  51   0  51  13   5   0  77   0   7  82  93   0   0  68   0  20  53  31  64   0  57  52   0  74  93   0   0   0   0  53   0  64  60   0   0   0   0   0   0  63 
  0   0   0   0  93   0   0  22  21   0  22   0   0   0   0   0  73   7   0   0   0  51   0   0   0  73  96   0  62   0   9   0  36  43   0   0  52  58  81   0   0   0   0   0  21   0   0  16  57   0   0  31   0  50  35  72  81   0   0   0   0   0   0  43  97   0  97  60  54  84  10  52   0  16   0   0  66  72   0  85   0  64  35  39  46   0   0   0  68 
  0   0   0  35   8  83   0   0  10   0  45  98   0   0  96  51   4  51   0   0   0  57   0  78   0   0  96   0  19   0   0   0   0  73  72   0   0  13   0   0  22  70  60   0  44   0  88  96  79  85  60   0  48   0   1   0   0   0   0  54   0  58   9   0   0  32  36  26   0  73   0   0   0  33   0  27  49  66  72  69   0   0   0  12  42  58  35   0 
  0   0   0   0  32   0  72  44  66  64   0   3  23   0  40  81   0  21   0  37  12  24   0   0  32   0   0   0  56  32  16  78   0   7  34  10  46  66   0  96   0  76  37   0   0  28   6  16  56  14  83  40   0   0   0   0  49   0  92  71  44   0  29  37  72   0   0   0   0  96  84  40  24  13   0  48  73  84  62   0   9   0  17  20  97  97  48 
 94   0  19  64   0  17  92   0  69  69  17   0   0  93   0   0  87  17  85   0   0  40  28  33  34   0  73   0   0   0   0   0  53   0   0   0   0   0   0   0   0   0  14  72  25   0   0  74  33  94   4   0   0  71  72  50   0   0   6   0   0   0   0   0   0  97   3   3  20  94   0   0  20   0  77   0  29   0   0   0  34  95   0   0   0   0 
  0   0   0   0   0   0  82  35  98  89   0   0  28  68   0   0   0   0   0   0   0  73  86   0   0  73   0  21   0  91   7  54   2  52   0   0  41   0  24  21  94   0   0   0   0   0  21   0   0   0   0   0   0   7  49   0  49   0  67   0  33   0  22   4   0   0   6  23   0   0   6   0   0  99  15   0   8   0  30  34  82   0  82  39   0 
  0   0  84  79  27   0  16   7   0   0   5  66   0   0   0  39  80   0  36   2  41   0  92   1   0   0   0  92  44  26   0  72   0   0   0  40   9   0   7  83   0  58  77   0  79   0   0   0   0  52   1  31   0   0   0   0  67   0  95  14  66  65   0   0  44  77  55  63  58  47   0  58   0   0  59   0  47   0  72  27  48   0   0  48 
 24   0   0  76   0   0  95   0   0   1   0   0   0   8   0  43   0  18   0   0  57  87  45   0   0  80  91   0  29  47  75  80   0   0  81  62   0   0   0  61   0  96   0   0   4   0   0  95   3   0   0   6  75  92   0   1  83   0  93   0  89  90   0   0  35  43   0   7   0  37  41   0  13   0  24  12  52   0   0   0  72  65  21 
  0  57   0   0  59  49   0  79   0   0   0   2   0   0   0   0  76   0  17  65  97   0  70   0   9   0  12  73   0  48  47   0  55  60   0   0   0   7   0   0   0  11  36  41   0  43   0   0   4  55   0  48  14  41  90   0  79  33  68   0   0  91   0   0   0  47  28   0   0  44  54   0  79   0   0   0   0   0   0   0  75  47 
  0  93  16  75  51   0 100  67  26   0  95   0  92   0   0   0   0   0  12  19  94  62  54  64   2   0   0  94   0  56  40  24  49  62   0  50   0   0   0   0  16   0   2   9  83   0   0  85  55  39   0  23  18   0  91  67   0   0   0  46  94   0   0  93  21  65  94  82  20   0   0   0   0   0  74   0   0  57  75   0   7 
  0   7  23   7   1   0   0  37   0   0  55   0  50   0   0   0   0   0  82  99   0  37  72  52   0  58   0  36  65  60   0  46   0   0   0  46   0   0  82  32   0  61  67   0  55  15  45  52   0   0   0  26   0   0   0  11   0   0  89  74  18  47  34   0  24   0  63  47   0  62   0   0   0  86   0   0   0   0   0   0 
 89  46   0  37  16   0   0   0  35   0   2   0   0   0   0  57   9   0  74   0   9  95  93  63   0   0  83  10  23   0   6   0   0   0  37  68  22  73   0   0  28   0   0   0   0   0   0   0  29   0  86  29   0   7   0  26  73  68   0   0  83 100  19   0   4   0   0  22   0   0   0   0  50  10  46   0  95  74   0 
  0  31  34  16  88  56  96  31   0  14   0   0  80  93  34  95   0   0   0   0  69   0  79   0   0   0   0   0   0   0  23   0   0   0   0  41  77   0   0   0   0   0  46  41   0   0   0  91   0  87   0  91   0  73   0   0   0   0  83   0   0  22  38   0  56  86   0   0   0   0   0   0   0   0   0  82  32   0 
 34   0  28   0   0  92  29   0  11  39  17   0  86  76   0 100  34   0   0   0   0  24  37   4   6  34  84  90   0  65   0   0  48   0  97   0  90  82   4   0   0   0  99 100   0   0   0   0  97  76   1   0  81   0  44   0   0   0   0  46   0   0  67  87  22   0   7  15   0  74   0  64   0  56  34  35   0 
  0   0  25   0   0   0   0   0   9   0  30  54  45   0  13   0   0  25   0  35  94   5   0   0  59   0  73   0   0  78   0  17   0   0   0  67   0   0   0   0   0  82   0   0   0  13   6  19  62   0  32  53   0   0  63   0  51   0   0  45  65   0  56  39  87   6   0   1  22   0  56  58  60   0   0   0 
  0  52   0   0  81   0   0   0  86   0   0   0 100  28   0   0   0   0  55  62   0  84   0  91   0  26   0  20   0  21   0   0   0   0  90  83   0  73  73  20  68  71  88   1  53  62  40   0   0   0   0   4   0   0   0   7   0  96   0  77  97   0   0   0   8  12   0   0  98   1   0   0   0  24   0 
 22  68 100  87   0   0  55  81   0  30   0  81  11   0  89  51  42   0  47   0   0  30  13   0   0  40   0  49  86   0  24  29  87   6   0  27   0   5   4   0   4   0   0   0   0  60   0  77  30  76   0   0   0 100   0  89  15   0  12  17  80  39   0   0   8  40   0   5  66   0   7  40  58  42 
 38  28   0  85   0  66   0  37  66   0  94  67  58  79   0  32   0   0  60   0  14  34   0  82  35  94  43  76  96  58  81  10   0  49   0  42  86  73   0  92   0  46  92  69   0  73  19  56  45   0  25  45  30   0  44  28  86   0  79   0   0   0  89   0  38   0   0   0  97  15  62  95   0 
  0  41   0   8   0  11 100   0  70  74   0   0  90   0   0  78   0   0  64  76   0  18   0  45  23   0   0   0   0  79  57  47   0  40   0  30   0   0  29  60   0  32   0   0  80  86  34  55  88   0  51   0   0   0   0  32   0   0   0  34   0   0  72   6   0  78  51  96   0  98  94  67 
  0  21   0  58   0  36   0   0  59   0   0  89   0  33   0  51  39   0  11  76  73   0  85  25   0  89  20  35   0  73   0   0  72   0  37  77  73   0   0 100   0  21  29  86   0   0   0  31   0  48  47   0   0  25   0   0   0  50  27   0  80  86   0  14  66  96   0   0  33  30   0 
  0   0  39   0  21  74   0  41  47  76  32  29   0   0  74   0   0   0  34   0   0  79   0   0   0   0   0   0  48  58   0   0  73  62  67  15  52  93  76  94  36   0  95   0   0  61   0  44   0  55  20  57  57   0   0  12  59  56   0  13  40   0  51   0   0  94   0   0  72   0 
 62  34   0   0  72   2   0  70   0   0   0   0  86  41   0   0  16  17   0   0  55   0   0   0   0  50   0   0   0  94   0   0   4   0   0   0   0  80   0  62  70  45  90  88   0  36   0  40  41  33  83  38  39  41   0  93   0  18  81   0   0  22  19   0   0   0   0  63  94 
100   0  31  78  83  78  71  44   0   0   0   0   0   0  14  33   0  47  24   0  85  79  63   0   8  72   0  82  59  14 100  39   9   0  23  24   0  11  36   0   0  35   0  91   0   0   0   0  70   0  67  73  30   0   1   0   0   0  88   0  79   0   0  50  14  22  94   0 
  0  68   0  25   0  59   0  71  53  39  64  10   0   0  84   4  71 100   0   0  48   0   0   0  55   0  78   0   0  73   0  53  16   0   3  51   0  57   0  95  68   0   0  20   0  45   0   0  28   0   0  86   0  97  55  98   0   0   0   0   0  55   0   0  52  77   0 
  0  22  96   0  34  27  72   0   0   0  83   0   0   6  48  55   0  99  63  27   5  81   0   0   0  87   0   0   0  56   0  37  60  19  69   0  33   0   0  93   0   0   0  62   0   0  42  60  86   0   0   0  11   0   0   0  45   0  82  72   0   0  73   0   0  51 
  0   0   0   0  62  42   0  67  97   0  59  89  16  14  62   0  25  12   0   0   0   0   0  38   0  19   0  98   0  10   0   2  84   0   0  59  61   0   0  73   0   0  48  24   0   0   0   0   0   0   0   0  88   0   0   0   0   4   0   0   0   0  91  45   0 
  0  51  97  70   0  83  16  84  49  27   0  94  94  67   0  84  21   0   0   0  72   0  30   0   0   0  44   0   0   0   0  54  25   4   0   0   0  68   0   0   0   0   0   0   0   0   0  88   0   9  38   0  68  36   0   1   0   0  38   0   0  72   0   0 
 89   0  93  62   0  35   0   0  75   0   0   0   0   0  85   0  99   0   0   0  32   0   0   0   0   0   0   0   0   0   0  52   0   0  54   0  98   0   7 100   0   0  75   0  62  12  25   0  86  91  51   0  73   1  23   0   0  71   0   0  61   0  69 
  0   0   0   0   0  53   0  96  42  58  55   0  18   0  98   0  55   0   0  63  44   0  83   0   0  96   0  36  61   6   0  45   0  29   0   0   4  88  57  14  77  40   0   0   0  35  22  98   0   5  44   0   0  20   0   0  85   0   0  99  28  47 
  0   0   0   0  18   0   0   0   0  47  41  65   0   0  68  20  43  89   7   0   7   0  64  52   0   0  48   0   0   0  82   0   4  31   0   0  32   0  93  17  37   0   0   0   0  68  62   0  31  96  11   0  47   0   0   0  16   6   0   3  33 
 78   0  65  88  52  41   0   0  81  81   0  87  64   0   0   0  10  23  59   0  38  29  55  57   0  77  34  88  15  38   0  45  37  36  71   0  17  70  90  60  39   0   0   0  25  71   0   0  76   0   3   0  35  46   0  94   0  13   0  20 
  0   0   0  90  55   0   0   0   0  25  86   0  65   0  36  72  20   0  77  90   0   0  82  77  29   0  64   0   0  60  48   0  66  65   0   0   0   0  92  72   0  84   0  24   0   0  25  43   0  47  72  41  11  39   2  13  93   0   0 
 84   0  97   3   0   0   0   0   0  92   0   0  49   0   0   0  43   0   0   0  20  74   0   0  35  17  70  76   0   0  50  35   0  81   4   0  20  70   0   0   0   2  47  86   0   0  32  45   0  25  42   0   0   0  76  62   0   0 
  8   0  54   0  63   0  55  98  46   0  50   0   0  87   0   0  54   0  48   0   0  29  79   0  55   0   0   0  28   0  23  32  43   0  73  26   0  43  78  48  56   0   0  79  76   0  13  70   8   0  65  22  21   0   0  91   0 
 41  14   2  90   0  64  71   0   0   0  61   0  65 100   0   0  11  80   0   0   0   0  38   3  39   0  25  62   0  43   0   0  46   0  11   0  13  50   0  32   0  40   0  94  35  96  65  92  75   0   1  99  38  33   0  71 
 88  20  96   0   0   0  47   0   0   0  71   4  60   0   0  42  15   0   0   0  45  33   0   0   0   0   0   0  38  21   0  73   0  38  44   0  34   0   0   0   1  45  35  96   0   0   0   0   0  55   0   0   0   0  92 
 78   0   0   0   0  38   7  35  31  19  86   0   0  89   0  61   0  73  37  85  58   0   1   0   0  73   0  20  64   0   0   0   0   6  89   0  27   0  23  89   0  60  91   0  73  21   0   0  30   0   0   0   0   0 
  0  27  66   0  39   0  12  13  14   0   0  40  87  37   0  36   0   0   0   0 100  34  79  54   0   0   0  93   0  96   0  86  71  26   0   0  59   0  21   0   0  95  78  76  39   0  22  79  44  79   0   0   8 
 61   0   0  86   0  56   0  56   0   2  95   0  43  79   0  35   0  49  16  33  54   0  66  42  98   0   0  69   0   0  21  59   0  94   0  87   0  26  90   0  69   0  22  85  48  58  24  66  62   0  97  88 
  0   0   0  74   0   0   0   0   0   4   0  87   0   0  21   0   0   0  58   0   0   0   0   0  92   0  96  94   0  18  29   0   0   0   0  36  52  62  88  48  57   0  48   0  19   0  48  39  42   9  85 
 44   0   0   0  46  95   0   8  56  31 100   0   0   0   0  60   6   0  77  18   0   0   0   0   0  30  26   0  52  48   0   0  65   0   0  50  79   0  88  10  40  27  85  24   0   7  51  91  64   0 
 98  51   0  84  73   0   0  39   0  98  21  56   0   0   0  65   0   0  80   0  89   0   0   0   0   0   7   0   0  51   0  26  58  14   0   0   0   0   0  76   0  69  38  25   0   0  26   0  92 
 23  18  70  71  79   0   0  90   0   0   0   0   0  56   0  97   0  44  26   0   0   0  56   0  99  82  76  83  22   4   0   0  53   7   0  69   0  13   0   0   0  68   0   0   0  30   0  58 
  0  90  32  93   0  30  25   0  17  32  32  45   0  83  86  45  88  35   0   1  54   0  69   0   0   0  75   0   4  96  95   0  13  12   0   0   0   0   0   0   0   0   0   0   0   0  26 
  0  46  35 100  54   0   0  99   0   0   0  51   0   0  98   0  63  94  75   0   0  29  13  54  89  81   0   0  96  44   0   0   0  57   0   0   9   0   0   0   5  68  77   3  98  83 
  0   0   0   0  58   0   0   0   0  11   0  24   0  49   0   0   0   0   0  47  77   0   0   0   0   0  66   0  22   0   0 100   0   0   0   0   7  34   0   0  72  60   0  89   0 
 62   2  91   0   0   0   0   2  40   0  97  20  31  33  42   5  91   0  48   0   0   0  99   0  24   0  32  48  23   0  80   0   0  76  85   0   0  49   0  61  57   0  70  46 
  0   0  90   0   0  41   0   0  46   0   0   3   0   0   0   0   0   0  38   0   7   0   0  58   0   0  24  40   0  44   0   0   0  63  38   0  85   0   0   0   0   7   0 
  0  36   0   0   0   0  91  79  61   0   0  95   0   0   0   0   0   0  14   0   0  45   0   0   0  75   0  90  27   0   0  55  60  12  73   0   0  50  38   0   6   0 
 35   0  12   0  58   0   0  99  11  88  38  51   0   0   0   0   0  45   0   0  38   0   0   0   0  67  30   0   0  52   0   0  77   9   0   0   0  18   0   0  60 
  0   0   0   0  54  10   0   0   0   0   0  11  65   0  70   0  66   0  20   0   0   0  16   0   0   0  81   0  31  38   0  56  90  98  81  26   0  61  84   0 
  0  50   0   0   0  54  78  61   0   0   0  21   0  11  80  73  56  65  93   0  46   0  25  42   0   0  47  29  58  70   0   0   0  90  76   5  12   0   0 
  0  42   0   0   0  71  29 100   0   0   0   7  17  90   0   0  43  76   0   0  14   0   0 100  89   0   0   0   0   0  86   0  86  22  14   0  55   0 
 17   0   0  50   0  32  29   0  75   0   0  71  46   0   0  34   6   0   0   0   0   0   0  63  15   0  71   0   0   0  55   0  24  38   0   0   6 
  0   0  99   0   0  92   0  37   0   0  56  52  19   0   0   0  50   0  52   0  57  85  22   0   0   0   0   0   0   0   0   3  93  63   0   6 
 70   0   0   0   0  90   0  36   0  22   0  27   0  96  36  91   0  78   0  29  98   0   5  72   9   0  73   0   0  16  44  51   0   0  98 
 31   0  87  35   0  83   0  21   0   0  29  62  26  72   0   0   0  35  74   0   0  88  65  11 100   0   0   0  19  68   0  24   0  54 
  0  42  18  74  10  61  56   0  54   0   0  82   0  39   0  94  70   0   0   0   0   2  89   0   0  82   0   0  14   0  17   0   0 
 27   0   0  88   0   0   8  52   0   0  31   0  69  68   0   0  75  32  75   0  69  23  88   0   0   0   1   0  32   0   0   0 
 30   5  15  97   0   0   9   0  72   0  94  74   0   0   9  68  90   0  43  51  89   0   0   0   0   0   0  43   0   0   0 
  0   0  64   0   0  53  57  85  84  11  88  39   9   0   0   0  46   3  11  56  19  66  10   0  35   0   0  49  73  65 
 11   0   0   0   0   0   0   0   8  13   0  88   0  27   0   0   0   0   0   0  56  85   0  47   0   0  32   0  15 
  0   0  91  32   0  47  96  46   0   0   0   0  21  75   0  58  64  96  33   0   0   0  93   0   0   0   8  87 
  0   0  19  86   0   5  68   0  48  72   0  65   9   0  76   0   0  48   0  41  81  81  44  87  68   0  35 
  0   0   0  82  82   0  12   0   0   0   0   0  47  59  41   0  26  12  60   0   7  58  18   0  95   0 
 78   0   0   0   2  71  28   0   0   0   0  86   0  46  42  77   0   0   0   0   0  26  91   0   0 
  0   0  20   0  39  82  21   0  30   0 100  40   0   0  15  99  22   0   0  96  87   0  76  94 
  0  18   0  68  23   0  18   0   0   0  39   0   0   0   0  38   0  28  78   0  93  97   4 
 46   0   0   0  95  33   0   0  39   0  71  94   0   0   0   0   0  69   0   0  36   0 
  0   0  94   0  70  10  20   0  85   0   0   0  35  14  64   0   0   0  70  85  35 
  0   0  70   0  80   0  35  35  96   0   0  34   0   0   0   0   0  16   0   9 
  0   0  82   0   6   0   0  65   5   0  11   0  56  38  81   0   0  93  47 
  0   0   0   9   0   5  16   0   0   0   0   0   0   0  64   0   0   0 
 66  81  93  16  98   0   5   0   0  74  25   0   1  22   5   0  79 
 84  24  55  50   7   1   0  54   0  34   0  27   0   0   0   0 
 57   0  82  50  50   0   0  64   0   0   0   0   0   2   1 
  0  95  87   0  20  68   0   0  19  13  60  39  91   9 
  0  74   0  21   0   0  96  20  40   0  22   1  18 
  0   0   0  19   0   0  63   0  13   0  91   0 
  0   0   0  83  53  84   0  79   0  72   0 
  1   0   0 100  16   1  21  63   0   0 
  0  85   0   0   0   0   0  66   0 
 97   0  28  91   0   0   0   0 
  0   0   0   0   0   4  21 
  0   0   0  60   0  62 
  0   0  60 100   0 
  0  15  93   0 
  0   0   6 
  2   7 
  0 

0
983
 17  24  40  23   9  47   8  13  45   4  27   7  10   5  48  18  14  24  20  47  16  23  12  37  14  41   3  10   2  29  31   9  21  37  23  38  16  13   5  34  27  31  24  38  35  21   8   9  49  50  10  23  31   3   6  20  11   8  25  25  27   8  38  19  50  37  12  26  41  23  18  44  24  10  16   3  24  49  27  12   3  24  22  48  31  35   6  33  38  15  20   1  35  50  12  29  17  32  43  19 

Comments

Density             : 50.00 %

