r_100_50_2
100
 41  97   0  15  32  45   0   0   0  94   0  58  38   3   0   0  49   0   0   0  41   0  17 100   0   0   0   0  54   0   0   0   0  94   0  80   0  50   0  52   0  49  35   0  95  97  73  20  40   0   0   0  36   0  23   0   0  32   0 100   0  16  40   0   0  75  85   2  11  60   0  49  32   3   0  16   0  83   0  40   1  22  51   0   0   0  88   0  63   0  28   1   0   0   0   0   0   0   6  42 
 83   0   0  48   0   0   0  61  66  63   0  82   0   0   0  16   0  93  11   0  69   0   0  64  93  88  13  37  85  21  17   0  65   0   0  64   5  22   0  40   0   0   0   0  14   0  33  21  33   0  77   0   0  23  68  99  27  99  47  51  55   0  43  58  57  69   0  36   0   0   0   0  38  58   0  36   0   0  92   6   0  71  21   0   0   0   5   0   0   6  42   0   0  18   0   0  26  73   0 
 67   0  69  66   0  29  88   0  54   0   0   0  39  23  66   0  94  50   0   2  60   0  55  42   0   0  51   0   0   0  99   0  10   0   0  64  18  90  45   0   0  67   0  80  41  95  38  31   0   0  78   0   0   0  92   0   0   0   0  25   0   1   0   3   0   0   0   2   0  81   0  19   0  15  38  72   0  19   0   0   0  41   0   0  65  93  34   0  22   0  27   0   0   0  37   0  73   0 
 27  89  18   0  66   4   0   0  78  88   0  89   0  36   0   0  52   0   0  44  14   0  91   0   0  83   0  97  87  74  77  21  99   0   0   0  94   4   0   0   0   0   0  53   0   0   0   0   0   3   0   0  70   0   0  24 100   0  77  94  59  93   0   0   0  39   0   2   0   0   2  39   0  43  71  42  77  35  33   2   5  34   0  30  96   0   0   0   1   0  30  78  60   0  68  56  36 
 73   0  48  78   0  46   0  82  18   0  73   0  89   0   0  37  42  42  29   1   0   0   0   0  75   0  23  89   0  72   0   0  69   0   0  60  18   0  20  32  99   0   2  32   0  95   6  56  53   0   0   0  16   0   0   0   2   0   0   0  53  48  34  48  17   0   0   0   0  31  16   0   0  31  52   0   0   0  31  28   0   0  76  74  33   0   0   0  78   0  94   0  94   0   0   0 
 75   0  97   0   0  54  62   0  44   0  99  72   4  76   0   0   0  83   0  27  30  31  60  78   0  70   0  86   0   0   0  92   0   0   0  49  24   0  97   0   3   0   6   0   3  94  49  74  99   0   0   0  68   0   0   0   0   0  53  22   0   0   0  50  90  29  41  58  74  24  62  75   0  77  22   0  50   1   0  97  91   0  94  88  33  67  64   0  71   0   0   0   0   0   0 
  0   8   0   0  53   0   0  85  67   7   0   0  87   0  93  60   0   9  85   0  58  88   0  15   0  13  58   0   3  53  80  40   0  15   0  35   0  18  53   0   0   0   0   0  43   0   0   0  13  50   0  87  96  31  73  90   0  20   6  38  17  85  58   0  60  70   0   0  49   0  52   0  71  61  97 100  78  88  15  99  49  50  10   0  21   7   3   0  38   0  65   0   0  38 
 29  30  73   0  97  18   0   0  61  56   0   0  13  77  83  87  76  56  78  91   2  67   9   0  16   0   0   7  52   0   0  24   0  97  16  69   0  12  51  97  87  25   0  34   0   0  29   0   0   0   0  71  46   0  78  31  97   0   0   0  33   0  70   0   0  39  29  96   0   0   0  94  58   0   0  31   0  34   6   9   0  80   0  63   0   7   0  56   0   0   0   0   0 
 79   0  71   0  55  78   0  12   0   5   0   0   0   0   0   0  59   0   0  82  81   0   0  88  67   0  22   0   0  77  23  67   0   8   2  95   0   0  12  42  85  61   0   0  54   0   0  55   0   0  40   0   0  35  11  52  37  42   0  15  92   0  13   0   0  94  29  65  36  51  74  14   0   0   0  10   0   0   0   0   0  57   0   1  60   0   0   0  78  55   0   0 
 88   0   0   0   5  49   0  72   0   0  91  73  66   0  56   0   0  27  21   0  43   0   0   0  24  65  17   0  64   0   0  30   0  89  44   0  69   0   0  60   0  87   0   0   6  81   0   0   0  93  45   0  53   0   0   0   0   7  15  83   0  66   0  69   0   0   0  50  37   1  27   0  82   0   0   0   0   0   0   0   0   0  96  87  78  10   0   0  73   0   0 
  0   0   0  96  47  28   0   0   0   0  10  14   0  13   0   0  15  41  98   4  83   0   0   0  65  38  53  22  82   2   0  15   0  77   0   0  52   0   0  69   0   0   0   0   9  48   0  62  13   0  11  32  47  46  70   0  96   0  40  58  44  44  46   0  26   0  98  93  44   0   0   0   0   0   0  79  84  87  68   0  37   1  18  66 100  81   0   0   0  84 
  0  19   0   0  10  35   0  42   0  47   0   0  96   0   0   0  60   0  75   0  90  55   0   0  12   0   0  65  43   0   0  80  28  77   0   0  51  36  56  93   0  76  42  21   0   0  49   0  74  37   0   0  95  64   8  55  31   0  74  60  68   0   0   0   1  95   0   0   0   0  80  84   0  73   0  30   0   0  42   4   0  61   0   0  23  27  89  87   0 
 12  79   0  13   0  84  91  76  39  70  70  27   0   0  43   0   4  11   0  93   0   0  94  55   0   0   0  88  73  51  17   0   0  84   0   0   0  85  51   0   0   0   0  10   8   0  96   0  19   0   0  40  98  97   0  42  13   0   0  12   0  38  16  58   0   0  98  66  43   0  82   0  72  77   0   0   0  63   0   0  25   0   0  16  40  71   0  19 
 60  55   0   0   6  65  42   0  61   0   0   0   0  56  41  78  51  14   0  73  98  22   0  81  85  54  83   0  46  73   0  14   6   0  28  46  68   0   0  50   0  36   0  22   0  39  80  11  49   0  71  69   0  11   0  81   0  71   0  99  31   0   0   0   0  19   0  84  81   0  27   0   0   0   0  96   0  20  36   0   0   0   0  80 100   6   0 
  0   0  85   0   0  75   0   0   0   0  65   0   0   0  81   0   0   0   0  42  53  92   0   0   0  83   4   0  37   0  53  64   0   0  86  49   0  74   0   0  45   0   0   0  16  69   0   0  68  97  21   0   0  39  32   7   0  92   0  97  33   2  67   0   0  72  26  57   0   0  57   0   0   0   5   0  16   0  69 100  97  24   0   0   0  38 
  1  36  38   0   0  39  11   0   0  87  99   5   0  59  12   0   0  20   0  59  67  89  37   0  53   0   0  82  15   0   0  34  51   0  57   0   0   0   0   0  53  38  59   0   0   0   0   0   0  11  33   0   0   0  34   0  23  98  55   0   6  25   0   0   0  18  34   0  55  85  95  75   0   8   0  64   8   0   0  66  23  93  40  97   0 
  0  41   0  85   0   0  51   0   0  88   0  85   3  93   0  38  23   0  83   0   0  10  26  62   0   0   0   0   0   0  63   0  87   0   0  46  99  51   0   0   8   0   0   0  24   0   0   0  99  68  19   0   0   0  64   2  43   0  41  99   0   0  32   0   0   0  82   0   0  95   7  43  71   0  68   0  96   0  90   0  57  81   0  32 
 12  26  91  20   0  48   0  16  41   0   0   0   0   0  24  63  84   2  36   0  77   0   0   0  30  67  33   0  28   0   0   0  87   0   0 100   0  43   0  72  69   2   0   0  15   0   0   0   0   0   0   0  32  66   0  42   0  39  56  15  64  48   0   0  97  94  22  41  63  29   0   3  75   0  71   0  40   0  32   0  55   0   0 
  0  90   0   0   0   0   0  14  52  53   0   0   0   0  32   0   0   0   0  14  61   0   0  33   7  78  75  54  15  45   0  75  11   0   0   0   0   0  38   0   0   0   0   0   0  99   0  94   0   0   0  25  89  34   0  83  54   0  40   0   1   0  28   0  94  71   0  95  84   0  16   0   6   0   0   0  20  75   0   0  88   0 
  8   0  64  47  25   0  35  76   0  61   0  53  36  14   0  38   0   0  75   0   0   0   0   0  98  23   0   0   0  98   0   0   0   0  73   0 100  87   0   0   0  81  85   0   0  43   0   0  54   0  77   0  54  33  13   0   0  43   0   0   5  28   9   0   0  28  33  87  90  95  25   0  91   0  85   0   0   0  25  51   0 
  0  40   0   0   1  88  66  58  12  49   0   6   0  60  71   0   0  62  23  28   0   0  69   0   0   0  51   0  61   0  59  25   0   0   0   9  78  99  21  12  47  60   0  12   0  89  14  69   0   0  63  68   0   0   0  43  52   3   0   0   0  43   0  33   0  16  39   0   0   0   0  15  70   0   0  35  20  32   0   0 
  0   0   0   0   0   0   0  39   7  19  86  13   2   0   0   0   0   5  43  25   0  88  42  57   0   0  82   0   5   0   0   0  30   0   0  92   0  39  91  71  88  53  22   0   0   0   5  83   0   0   3   0   0  92  40  72  97  46   0  54   0  61  73  73   5  81   0  53  85  39  38   0  91  50   0  79   0  39  86 
 97   0   0  96   0   0   0  19  59   0  48   0   0  71  37   0   0  48  15   0  84   0  97   0  33   8   0   0   0  25   0  58  16  28  20  18  32   0  82  87  10  96   0  95  89  76  80   0  69   0  34   0   0   0  78   0  34  87  84   5  50   0  58  15   0   0   0   0  36  45   0   0  67   0  39   0   0  83 
  0   0   0  81   0  92   0   0   0   0  48   0  12  94   0   0  90 100   0   0   0   0   0   0   0   0   0   0   5  67  72   0   0  27   0  77   0  32   0   3  32   0   0  58   0   0   0  52  33   0  66   0   5  50  43   0  26  24  74  97   0  70  67   0   0  27   0  39  17  90   0   0  25  82   0   0  70 
 40   0   0  41   3  94  95   0  11   0   0  51   2   0  39   0  41  22   0   0  90   0  47   0  61  10   0   0   8  46  95  75  43  75   0  92   0   0   0   0   2  35   0   0   0  93  37  22   0   3  61   3   0  62   0   8  24  21   0  32  85  89  25   0   0   0   4  48   0   0   0   0  77   0   0   0 
 83  69  75  73  41   0  33   0   0   0  36   0   0  13   0  56   0   1  93   5  85   0  36   0  60   0   4  15   0   0  75  42  81   0   0  85  29  30   0  22  55   0   3   0   0  75  45   0   0   0  99  94  91   4   0  91   0   8   3  52  37   0   0  10  75   0  96   0   0   8   0  94  62   0   0 
  0   3   0  98  37  80  89   0  86   0  68   0   0   0  96   0  47   9   0  31   2  25   9  44   0  15   0   0   0  66  93  91  20  55  77  31  38   0   0  38   0   0   0   0  76   0   0   0  51  83  15  62   9   0   0  61   0   0   0  56   0   0  99   0   0   0   0   0   9  12   0  38   0  26 
  0  38   0  61   0  18   0  62   0  75   0   0   0  22   0   0   0  33   1  55   0   0   0   0   0  87   0   0   0  57  25  42   0  10   0   0   0   0   0   0  64  62   0   0   0  65   0  58   0  17   0   0   0   0   0  95   0   0   0   0  33  11  35  99   0   0  64  67  16   0   0   0   0 
  0  24  23   0   0  15   0  84   0   4  86  87  19   0   0   2  80   0   0  74   0   0  37  56   0  33   0  55   0   0  42  76   0  58  14   0   0   0  86  44  89   0   0  15  24   0  51  95  91   0   0  36  58   0  22  18   0  19  16   0   0   0   0  26  46  71   0   0  78  35   0   0 
 36  86   0   0   0   0  38   0   0  66   0  53   0   0   0  80   0   0   0  75   0   0   0  80  41  72  25   0   0  76   0   0  61  60   0   0  22   0   0  30  51   0   0  67   0  43   0  46   0  90   9  60   0  88   0  66   0   0  46   0   3  28   0  61  60  15   0   0   0  49  66 
 39  64   0  36  22   0   0   2   0  55  89   0   0   0   0   5   0   0   0  98  71   0   0  64   0   0   0  75   0   0   0  81   0   0   0   0  65   0   0   0  39   0  74   0   0   0   0   0   0  51  72   0   0  61  93   0   0  92  54   0   4  64  37   0  19  54   9  63  76  19 
 76   0  10   6   0  54   0   0   0   0  70   0  51   0  26   0  55  39   0  37   0  97  44   0   0  64  60  95   2  15  41   0   3  87  22  37  95  20  95   0  91   0  11   0  35   0  82  64   0  42   0   0  60   0   0  26  18  54   0   0  77   0   0  11  58   0  57   0   0 
 88   0   0   0   0   0   0   0  49   0   0  53   0  67   0  31  76  64   0   0  14   0  32   0   0  97  38   7   0   0  29   0  32  84   0  81  98  73   0   0   0  48  64  86  49  93  10   0  12   0   0   0   0   0   0   0  23  27  52  82  72   0   0   0   0   0  85  68 
 45  28  32   0  18  85   2  49  13   0   0  98   0  95   0  14   0   0  24  46   0  47  14  31   0  68   0  19   0   0   0  56  56   0  15   0  98  73   6   0   0   7   0   0  93  77  67   0   0   0   4  18   1   0  26  83   0   0   0  40   0  59   0  74  72   0  28 
  0   0   0   0   0   0  59  51  82  87   0   0   0   2   0   0  27  56   0  11   0   0   0  51   0   0   0   0  10   0   0   0  93   0   9  50  83  39  36  90   0   0  66  13   0  22  36  57  72  18   0   0  99   0  14   0  43  54   0   0   0   0   0   7  89  68 
 86   0   0  43  46   0  52   0  93  20  20  30   0  50  24  20   0  10   0  17  27   0  82   0   0  20  64  77   0  70  68   0   4   0   0  45  81  28  32   0   0   0   0  60  37  64  60  94   0   0  95  75  51   2  55  26  44   0   0   0  91   0   0   0  79 
  0  88   0   0  29   0  54   5   0   0   0   0  72  81  62   0  65   0   0   0  35   0  48  30   0  38   0  91   0  83  67 100  38   0  29   0  90   0   0   0  13   0   0   0   4   0  72   0  30   0   0   0  57  31  46   0  58  17  61   0   0  19   0   0 
  0  54  15   0  51   0   0   0  52  76  87  80  78   0   0   0  21   0  15   0  44   0   0   5   0   0  30   0  39  85 100   0  55   0   0   4  28  92   0  22  90  46   0  50   0  69  28  36   0  76  79  18  91   0   0   0  13   0  17   0  59  69  26 
  0   0   0  53   0  90   0  12  81  17  36   0   0   0   0   9   0  40   0  83   0   0  70  16   0  57   0   0   0   0  28   0   0  42   0  29  60   0   0   6  41   6   0  97   0  49   0   0   0  58  18  98  28  28  20   0   0   0   8  76  71   0 
  0   0   0   0  63  72   0   8   0   0   0  55   0   0  24  26   0   0  59   0   0  78  40   8  91   0  32   0  86   0   0  85   0  95   0  25  14  97   0  47   0   0  35   0  20   0  97   0  78  56   0   0  77   0   0   0   0   0   0   0   0 
  0  14   0   0   0  84  35   0  79  11   0   0   0   0  97  40  78   0  12  24   6  14   9  55  81  98  76  32   0  91   0  31   0   0   0   0   0   0   0  28  18   5  47  34  68   0  41   0   0  88  89   0  20   0   0   0   0  69   0   0 
  0   0  62   0  69  11  90   0  34  87  86   0   0   0   0  66   0   0  72  66  52  82  36  60   0  91   0   0  74  96  42   0  58   0  39   0   0   0  18  73  47  94   0   0  81  19  86   0  87  38  74  51   0   0   0   0  70   0  90 
 52  99   0   0   0  83   0   0   0   0   0  57   0  89  89   0   0  53  94   0   0   0   0   0  28  48  59   0  75  29  85   0  12   0   0  63  50   0   0   0  64  86  88   0   0   1   0   0   0  29   0   4  56   0   0  14   0  17 
 37   0   0  75  76   0  31   9   4   0  50  85   0   3  59  33   0   0  56  96  11  93  28   0   0  11   4   0   0  36   9  70  57   0  78   0   0  93   0  33   0  44   2   0   0   1   9  20  93  33  23   0  18  79   0   0   0 
 89  94  61  84  21   0  28   0  52   0  34   0  94   0  37   0   0  25   3   0  93   3   0  92  98   0   0   0  36  74  34  78   9   0   0  41  36   0   0   0   0   0   0   0   0   0   0   0   0  47   0   0  56  20  41   0 
 87   0   0   0   0   0   0  39  90   0  79   0   0   0  25   0   0  22  17   5  67   0   0  79   0  26  26   0   0  17  16  82   0   0   7  32   0  39   0   0  76   0   0  72  33   0   0  30   0  31  70   0  77  41  35 
 56  15   0   0  60  70  41   0  57   0   0   0  45   0   0   0  85   0   0  85   0  40  34  20   0  65   0   0   0   0   0  13  50   0   0  65  71  55   0  37  60   0   0  84   0  23   0  40   0  93   0   0  98   0 
 56   0  33   0  16   0  58   0   0   1   0   0  87  82   0   0   0   0  98   0   0  50   0   0   0   0  60   0   0  21  39   0  77  54  33   0   0  47   0   0  83   0   0   0  14  50   0  24   0   0   7   0  44 
  0  28  72   0   0  34   0  21  39   0  81   0   0   0  48   0   0   0  86  10  31   0   0  53   0  93  47   0   0   0  18  14   0   0   0   6  14   0  32   3   0  64  46   0  48  27  20   0  91  19   0  45 
 81   0  40  17  13   0  20   0   0 100   0   0   0  41  83   0   0  61   0  14   0  44  92  86   8   0  62   0  68  39  50   0   0  70   0  21   0   0   0   0   0   0 100  13  85   0   0  95  46  39   0 
 74  63  26   0   0  35   0  87   0  55   0   0   0   0  85  32   0   0   0  31  19  34  96   0   0  96   0   0   0   0   0  25  86   0  23   0   0  95   0   5   0  84  12  47  49  68  67   0   0  31 
 74  75  78   0  24  17   0  23  94   0   0   0   0   0   0   0  48  80  97   0  85  17   0   0   0   0   0   0   0   0  92   0   7   0  26   2   0  50   0   0  31  99  72   0   0  85   0  91  98 
 64   0  73   0  22   0  67  12   0  91  48  41   6  68  42   0   0  68   0  27  38   0  58   0  63   0  94  47  90   0   0   0  30   0   0  28   1  56   0   9  21   0  21   0  70  70  99   0 
 47  42   0   0   0   0  47  29  72  24  87  15  66   0   7   0  25  74   0   0   0   0   0   0   0  49   0  92   0  64   0  45   0  27   0   0  36   0  99   0  41  86  21   0  64   0  60 
 75  23   9  74   0  20   9   0   0  96  31  89  19  89   0   0  58   8  38   0  88   0  26   0   0  98   0   0   0   0  14   0  16   0  88   0   0   0   0  92   0  95  95   0   0  17 
  0  87   0  57  53   0  70  79  33   0  54  27   2   6  99   3   0  40   0  78   0  47  54   0   0  73  27   0   0   0   0   0   0   0   0  79  65  11   4  70   0   0   9  22   0 
  0  69   0   0   0  83  54   0   0  10   0  98   0  29  78   0   0  48   6   0   0   4   0  50   0  95   0  93   0   0   7   0   0   0   0   1   0   0  51   0   0  96   0  90 
 86   0  66   0   0   0   0  43  40  60   0   0   0  63   0   0   0  38   0  26  45  74  78  85   0  18   0  63  38   0  22  32  98  52  58  99   0   0   0   0   9   0  80 
 73   0   0   0  44   0  80   0   0   1   0  84   0  21  27   0  41   0  77   0  43  54  49  33  35  14  23  20  72   5   0   0   0   0   0  51  80   0  98   0  24  40 
 90   0   1   0  68   0   0   0   0  64   0  65   0  40   0  33   0   0   0   0   0  16   0  90   0  85   0   0  86  25  61  45  74   0   0   8   0  12  14   4  75 
  0   0   0   0  12  19  44   0   0   0   0   0  17  39   0  46   0   0   0   0   0   0   0   0  92   0  79  99  75   0  72   0   0  41   0   0  79   0   0  18 
  0  15  54  43  78   0  87  86  11  91  73   3  62  66  58  81   0  25  14   0   0  86   0  46   0   0  99   0   0   0   0  26  32   0  66   0  43   0  53 
  1  16  37  75   0   0  93  66  67  18  55  27   0   0  86  40   0  94  92   0   0  67  69  44   0  66   0  92   0   0  95  89   0  67   0  70   0  59 
  0   8   6   0  43   0   0   0  18  58  25   0  78   0  52   0  18   0   0  53  58  54   0   0   0   0  59   8   0  40  47   0  26  98  49   0  25 
 98  73   0   0   0   0  97  21   0  92  19  83  41  60   0  76   0   6   0   0   4  91  38  41   0  35  15  27   0   0   0   0   0  86   0   0 
 78   0   0  83  91   0   5  29  54   0  38  80   0  70  78  89  93   0   7   0   0   6  91   0   0   0   0   0   0  80   0  46  56  72  50 
 67   0   0   2  59  51   0   0  22  65   0   0  98  36  84   2   0   0   0   3   0  31  41   0   0   5   0   0  46  12   0   0   0   0 
 95  36  44  70  10  70   0   0  25  78  83  70  77   0  72  89   0   0   2   0  59   0  39   0   0  99  45  96   0   0   0  39   0 
 82  56   0   0   0   0  64  24   0  76  14   0   0   0   0   0  55  21  57   0  48  78   0   6   0   0   0   0   0   0   0  29 
  0  35  70   0  86   0  43  39   0  68  42   6   7  98  95  83  54   0   0   0  77  22  17   4   0  36  10  61  80  71   0 
  0   0   0  44   0  42 100  54  99  86   0  32  51  48   0  53   9  99  55  23   0   0  13   0   0   0  76   0   0   0 
  0  69  64  37  29   0  26   0   0   0  58  68  99  92   0   0   0   0  85   0   0  51   0   0  41   0  16  75  71 
  0   0  81   0   0   0   4  25  23   0   0   0  39   0   0 100   0  97  36   0  24   0  90   0   6  10   0  63 
 34  48   0   0   0  99  95  54   0   0   0  94   0   0  45   9  53  18   0   0   0   0  57   0  10  66   0 
  6   0   0   0   0   0  25  18   0   0  52   0   0  49   0   0  64   0   0   0  69   0  46   0  92   0 
  0   0  93   0  61  71  47   0 100  73   0   0   0  57  94  54   0  30  21   0   0  22   0  60   0 
  0   0  61  77  17  69  46   0   0  80  19   0   0   0   0  78   0   0 100  94   0  73   0  96 
  9   0   0  55  54   0   0   0   0   0   0  32  21   0  15  75   0  67   0   0  16   0  63 
 68  13  71  59   0  62  43  10   0   0  36  75  20   3  88   0   0  76 100   0  98   0 
  0   0   0   0  42  41   1  33  70   0  92   0   0  67   4  31   0   0  24   0   0 
 52   0   0  41   0  65   3   0  91  75   0   0  79  90   0  19   0   0  41  17 
 85   0   0   0  83   0   0  88   0  46   0   0  84  47  35  12   0  98   0 
  2   0  14  82   0  12  84  48  24  99   0  60   0   9  81   0   0  60 
  0   0   0  85   0  34  74  51   0   0  23  72  76   5   0   0  89 
 39   0  87   0  67  66  14  77  76  32   0  20  52  93   0   0 
  0  88   0   0   0   0  68   0  79   0  77  51  96  31   0 
  0  69  97  79   0  57  10   0   0   5   0   0   0  38 
  4   0  46  85   0  13   0   0   0  51   0  68   0 
 69   0  82   0  46   0   0  84   3  47  32   0 
 70   0  28   0   0   0  84   0  84  79   0 
 23   0   0  61  68  20   0  32   0  44 
  0   0  75  68   0   0  80   0   0 
 12   0  82  39   0   0   0   0 
  0  83   0   0   0   0   0 
 90   0   0  12   0  99 
  0  56  14   0  77 
  0   8   0   0 
 10   0   0 
  0  89 
  0 

0
2019
 44  34   8  27  23  14   3  23  28  43  28  11  37   1   2  27  12  28  12  12  12  27  21  45  47  27  31  46  13  40  43  40  15  13  23  20  46  19  42  48  41   8  34  42  30  49  10  18  12  17   3  27  21  23  49  14  45  23   5  47   7   9   2   9  39  22   6  29   2  46  47   2  43   7  47  29  19  19  13  34  46  47  43  26  33  31  25  44  34  44   9   2  40  40  27  13  40   4   5  23 

Comments

Density             : 50.00 %

