r_100_50_4
100
  0  39   0  62  82   0   0   0   0  38   0   0   0  80   0  14  26   0  22   0   0  22   0   0  72  19   0  35  78   0  42   0   0   0  20  20  14   0  90  98  89   0  27   0   0   0  80   0   0  64  35  74  41  10   0  65   0   0   0   0  46   0  60   0   0  51   0   0   4  72   0  51   3   0  42  38  90  15  31   0  41  99   0  46  32   0   2   0  11  34 100  42  74   0   0  98  97   0  50   0 
  0   0  47   0   0  99  57  92   0  23   6  34   0  30   0  69  73   0  15  85   0   0   0   0  32  28   0  45  95   0  49   0   0  25   0   0   0   0  48   1   0  28   0  76   8   0   0   0  57   0  98  77   0  74  72  38  16  54  58   0   0   0  10  84   0   0   0   0  98  56  82   0   0   0   0  49  44   0  38   0  41  22   0  85  10   0   0  96   0   0   0   0   0  90   0  22  51   0  69 
 36  61  99  77 100  57  58  42  60  12   0   0  87   0  76  84   5   0  38   0   0   0   0  81   0  19  27   0   0   0  52   0  21  83   0  27  64   0   0   0  59   0   1   0   0   0  93  48  22   0   0  73   0   8   0  95  49  76   0  39   0  41  26   0  88  46   0   0  64  21   0   0   0   0   0   0  80   0   0  93   0   0   0   0   0   0   0   0  19   0  31   0   0   0  45   0   0  59 
 77   0   5   0  58  99  34  24  65   0  75   0   0   3  31  63  34   0   0   0   0  72   0  31   0  33   0   0  19   0   0   0   0   0  64   0  34  51   0   0  42   0   0  96   0  91   0  11  47   5   0  13  18   0  53   0  73  41  69   0  74  57   0  17   0   0   0   0   0   0   0  22   0  27  71  62   0   0   0   0   0  52  38  30   4   9   0  50  18  48   0  36  90   0   0  47  83 
  0   0  97   0  21   0   0  22   0  66  42   0   0  63   0   0  98   0  17   0  22   8  90  80   0   0   0  39  38   0  54  91   4   0   0  99   0   0  64   0  98   0  37   0  34  60  95   0   0   0   0  23  58   0   8   0   0  73   0  51   0  54   0  63   0   0   0  71   0   0   0  29  64  22  65   0   0  26  53   0  39   0  49   0   5   0   0   0   0   0   0  24  68  37  94  44 
 69  38   0  31  67  87  52   0  80  36   0   7   0   0   4   0   0   0   0  49   0   0  44   0  94  39  63   0   0   0   0  16  79   0  47   0  43   0  91  59  58  69  85  23   0  80   0   0   0   0   0  62  98   4  91   0  80  93   0   0  14  75   0   9   0  92  61   6   4   0  73   0   0  37   5  73   0   0   0  95   1  86  17   0   0  87   0   3  63   0   0  72  13   0   0 
  0  49   0   0  15  16   0   0   0   0  65   0   0  35  64  70   0   0  83   0   0  74  76  70  72   0  34   0  91   0   0   0   0   7   0   0  57   0  38   0  39  78  14   6   0   0  63  43  19   0   0   0   0  71   0  90   0   0   0   2   0   0   0  72  95   0  48   0   0   0   0  57  62  31  12   0  98   0  47   0   0  10   0  36   0  59   0   0   0  28   0   0   0   0 
  0   0   0  11   0   4  39  19   7   0   0  37   0  45  93   0  97   0  93   0   0   0   0  54  61  83  26   0  17   0   0  17   0   0  64   0   0   0  18   0   0   0   0   0  23   0   0   0   6  47  73   0   0   0  58   0   0   0   0   0   0   0   0  19  42   0  77   0   0  58   0  75  19  21   0  94   0   0   0   0  25  21  87  48  49  71   0   0  57  26   0  33   0 
  7   0   0  49   0  65   0   0   0  34  53   0  44   0  27  71   0   0   0   3   0  43   0   0  55  63  23   0   0   0  41   0  29  44  35  98   0   0   0   0   0   0   0  37  91  74   0  23  43   0   0   0   0   0  75   2   0   0   0   0   0  80   0   0   0   0   0  18  67  56   0   0   0   0   0  54   0   0   0  68   0  75 100   0   0  46  35   0  69   1   2  46 
 83  94  82   0   0  74   0  36  79   0   0   0  66   0   0   0   0   0   0   0   0  49   0  45   0  34  91   0   0   2   0  70  41  66  18   0  33  59  11   0  19   8   0  27  39   0   0   0   0  63   0   0  21   0  60  29   0   0  24   7  67   0   0   0  34  92  39   0   0   0  79  59   0  36   0   0   0   0  36  16  44   0   0  80   0   0   0   4   0   0  63 
  8   0   0  59   0  92  89   0   0  37  59  72  99  84   0   0   0   0  72  81 100   0   0  36  63   1  14   0   0  18  80   0  13   0   0  71  54   1   0  75  54   0  42   2  82   0   0  18   0   0  51  35   0  42  35   0  61   0  88   0  20  40   0  83  53   0  83   0   8  22  71  89   1  68   0   1   0  98   0   0   0   0  97  32  38  64   0  75  88   0 
  0   0  51   0  93  58   0   0  60  29  93   0   0   0   3  21  47   0   0  48  54  85   0  68  63  92   0  23   0   0   0  35  70  64   0   0   7   0   0   0  80   0   0   0  83   6  26   0  84   0  82  13   6  17   0  50  25  81  60  53  86   0  29   0   0  31  55   0   0  34   0   0   0  77   0  22  40  34  43   0   0   0  69   0   0  30  82   0 100 
  0  25  33  89  68   0   0   0  76   0   0   0   0  35   0  16   8  89  66  77  91  52  69   0   0  37   0  31   7   0   0  88   0   4  92  55  77  42   0   0   0   0  12   0   0   0   0   0   0   6   0   0  56  39  21   0   0  50  82   0  25   0   0   0  42   0   0  99  10  29  25  52  89   0   0   8   0   0   0  48   0   0  32  76  52   0  52   0 
  0  67  19  13  23   0  56   0   0   0   0  65  92  53  93  68  95  88  14   7   0   0  39  68   0   0   0   0  92   0   8   0  94   0   0   0  20   0  28   0   0   0  15   0  70  40  39  50   0  39   0  44  69  88   0  43  34  22   0  53   0  97  45   0  84   0  54   0   0  44  84   0  51  52  12  70   4   0   0   0  15  23  75   0  75  39   0 
 32  55   0   0  67   0  37  87   0  45  67   0  51   0   0   0   0   0  90   0   0   0   0  18   0  68   0   0  35  95  83  37   0   0   0   0   0   0   0   0  98   0  89   0   0   0  28   0   0   0  86  12  37   0   0   0  16  42   0  23  39   8   0  36   0   0   0  24   0   0  19   0  30  75  37   0   0   0  90   0  95  79   0   0   0  56 
  0   0  72   0  92   0   0  81  51   0   0  79   0   0  62   0  33   0  32   0  45   0  45  37   0   0  66   0   0   0   0   0  15   0   0   0   0  62   0   0   0   0  27  82   0  19   0  38  27  66  40   0   0  24   0  17   0  34  84  21   0  91   0  90   0  57  94  64  61  15  60  87   0  20   0   0   0   7   0  54   0  85   4   0  79 
  0  95  94  50  77  58   0   0   0  50   0  78  19   0  54   9   0   0  84   0  21   0   0   0   0  81   0  98   0   0   4  85   0  50  94   0   0  62   0  64  97   0   0  11   0  17  14  11  68  84   0   0  38  60  20  40   0  26   0  18  73  59   0   0   7  26   0   0   0  56   0  71  89  38  29  10   0   0   0   0  47   0   0  15 
  9  44  84   0   0   0   0  61   0   0  12   0  39   0   0  86   0  40   0  78  46   0  76   0   0  48  15   0   2   0   0  12  23  82   0  67  27  23   0  25   0   0   0   0  18  59  68  90 100  86   0  94  27   0  14   0  65   0  89   0   0   0   0   0  46  55   0  29 100  26   0   0  65  82   0   9  25  15  97  63  16  41   0 
  4   0   0   0  13  55   0  21   0  43  53  44   0  81  41   0  49  72   0  28  80   0  47   0  61   0  67  28  56   0   0  28   9   0   0   0   0  33   0  97  39   0  26  15  57  64   0   0   0  55   0   0   0   0   0   7   0   0   0   0   0   0  13  55  40   0   0  42  19  24  44   0   0   0   0   0   0   0   5   0   0   0 
 60  72   0  59   1   0   0  42  82   0   0  66  68   0  54   0   0  38  49   0  45   0  96  90   0   0 100   0  14   0  39  34   0   0  46  47   0  89   0   7   0   2   0  63  72  27  53   5  22  27   0   0   0   0   0  50   0   0  52  52   0   0  59   0   0   0   0   0   0  67   0  87  75   0   0   0   0   0  19   0   0 
  0   8  93   0   0   0   0  72   0   0  54   0  20   0   0   0   0   0   0  54   0   0  61  28   0  89  95   0  25  43   0   0   0  45  86  95  91   0  52   0  76   0  36   0   0   0   0   0  28   0   0  90   0   0  41  78   0   0  27  24   0  25   0  13   0  99   0  90   0  60  76  88  29   0   0  96  16   0   0   0 
 72   0   0   0  58   0   0   0  39   0  89   0  67  13   0  35  13   0  47  80  40   0  93   0  51   0  18  19  22  56  71   0   0   0  11  58   0   0   0  76   0  33   0   0  49   0  37   0  14   0   0   5  40   0  84  31   9  60  62   0  13   0   0  40   0  64  64  61  56  69   0  87  29   0   0   0  16  73   0 
  0  78   0   0  99  62   0  99  54   0  18   0   0   0  81   2   0  72  87   0  36  58   0  91  11   0  86   0  33  41   0  78   0  25   0   0  91   0  83  74  78   0  28   0  19   0   0   0  24  63  34  71   8  87   0  17  59   0   0   0   0   0  15   0   1   0  32  16  78   0   0  95  68  78  72   0  71   0 
  0  51   0   0  45   8  34   0   0   0  88   9   0  82  45   0  81   0   0  83  87   0  41   0  94  43  50  68  95   0  35  38   0   0  19  27   0   0  99   0   0   0   0   0   0   0   0   0   0   0   0  32   0  88   0  80   0   0  49   0  60   0  93   0   0   0  47   0  90   0  96  92   0  40  57   0   0 
  0   0  37  77  97  14   0  67  42   0  31  34   0  56   0  38   4  69   0  21   0  79   0  29  45  12  80  69  89  65  98  88  37   0   7  43  35   0   0   0   0  64   0   0  85  42  96  53   0  53   0   0   0   0   0  14   1   0  94  38   0  43  26  16   4  12   0   0  68  47   0   0  71  33   0  60 
 33  47   0  47   0  21   0   0   0   0   0   0  34  25  97   0  75  81   0   0   0   0  74  69   0   0   0   0  15   0  87   0  42   0   0  54   0   0   0   0   0   0   0   0  24 100  56  59  89  27  86  36   0  89   7   0  77  32   7   0  39  46   0   0   0  75   0   0  49   0  61  28   0   7  43 
 34  97   0  32  70  21  75  11  98   9  69   0   0  76   0  65  59  46  24   0  20  11  13  61   0  33   0  68  82  63   0   0  53   0   5  60   0  55  93  62  57  60   0   5   0   0   0   0  51  12   0  12   0  52   4   0  79 100   0  34  71   0  85  90  75   0   0   0  69   0  96   0  13   0 
 67   8   0   0   0  84   0   2  57   6  22   0  32  47   0  39   0  32  18   6  79   0   0  15   0  62   0   0   0  89  35  40  60  20   0  79   0   0  11   0   0   3  92  86   0  36   0   0   9   0   0   0   0   0  16   0  21   0   0   0   0   0  19  34   0   0   0  84  14  10   0  52   0 
  0   0   0  36  28   0  87  69  55   0   0  50   0  33   0   0  56   0  59   0  72  86   0   0  88   0  63   0   0   0   0   0   0  48  66   0   0   0  68   0   0   0   0   9   0  56  10  66  34  43   0   0   0   0   0   0   0   0   0  95   0   0  54  96   0   0  99   0  55   0   0   4 
 63   0  92   0  31   0   2   0   0   0  46  54   0   9   0  71   0   0   0  66  93  80  59  15  19   0  10   0  58   0   0   0   0   0  48   0  19   0  23  20  12   0  76   8   0   4  74   0  70   0  49  60   0   0  94   0   0   0   0   0  91  53  49   0   0   0  31   0  40  24   0 
 77   0   0  61   0   7  10  86  28   0  14  38   0   0   0   0  74  87   0  75   0   0   0   0 100  70   0   0  85   0   0   0  51  47   0   0   6   0  26  83  40   0   0   0  46  36   0   0   0  25   5 100  88   0  39  27  44   0   0  63  76  23  11  61   0   0  43  32  17  96 
  0   0   5  49  24  54   0   0   0   0  12   0  21   0   0   0   0  84   0  42  68  90   0   0   0  31   0   0  94  80   0  63  81 100   0  86   5  44   0  24  57   0  28   0   0  41  24   0   1  98  81   0  11  73   0   0   0   0   0   0   0   7  43   0  78  18   0   0   0 
 81   0   0  35  35   0   0   0  83  46   0   0   0  42   1  10  62  63   0   0   0  63   0   0  97   0   8   1   0   0   0   0   0   0  11  57  66   0  46   0   0  39   0   0  49   0  47   5  25  33   0  75   0  94   0   0   2   7   0   7  13   0   0 100   0  49  94  73 
 93   0  67  61   0   0   0   0  26   0  69  55   3   0   0   0  82  38   0  20   0  75  51   0  12  65   0  20  71   0   0   0  96   0   0   6  13 100   0  99  44   0   0   0  93  44   0  40   0  72  52   1   0   0   0   0  26  64  13  24   0   0   0  55   0   0  78 
  8  53   0   0   0  99   0  93   0   0   0   0  10   0   0  47   3  25  19  77   0  23   5  65  94  16  30  30   0 100  21   0  80  93  71   0  20  82   0   9   0  73   0  68   0  38   0   0  60   0  17  40   0  65   0  40   0   0   0   0   0  31  88  55  31   0 
 43   1   8   0   0  14  62   0   0  24  41   0  31   0  36   0  76  38  79  30  54  74   0  88  21  37   0   0  13  89   0   0  66  71  17  29  88  46  61  29   0   0   0  63  31   0   0   0   9  46  22  36   0  32   0  75   0   0   0   0  38   0  98   0   0 
  0  45  73   0  50  22  25   0   0   0   0   0   0  59  66   0   0   0  51 100   0  15  36   0  68  99   0  81   0   0  24  70   0  26  91  73   0   6  29  14   0  37  20   0   0   0   0  50   0  97   0   0  83  10   0   0  20   0  44   0   0   0   0   0 
  0   0   0   0  58   0 100   0  14  57  45  70   0  79  61  30   0   0   0  77   0   0  28   2 100   0   0   0   0  35  50   0   0   0   0   0   0   0  48  60  42   5   0   0   6  22   0   0   4   0   0  24  21   0  36   0  60   0   0  37  26  49   0 
 79   0  84   0 100  35   0  12  92   8   0  38  61  80  80  23   0   0   0  17   3   0   0   0  92   0  89   0   0   0   5  68  37   0  42   0  93   0   0   0  69   0  85  61  60  59  27   0  53  78   0   0  11  69   0  85  48  35  46  76  68  86 
  0  79   0  22   0   0   0  55   0   0   9   0   0  11   0  78   0   0  34   0  89   0  59  75  63   0   0  78   0  98  78  92   0  55   0   0  12   0  99   0   0  99   0   0   0   0   0   0   0  80   0   0   9  37  12   0   0  77  81   0   0 
  0   0   0   0   0  51   0  53  43   0  70   0   0  67  62   0   0  11  93   0   0  78   0  65  97  61   0   0   0   0  79   9   0   0   0  12  32  53   0   0   0   0   0  72  81   0   0   1  53   0   0  81   0  99   0  21  30   0  16  25 
  0   0   0   0  33  68   0  72  39   0   0  22  74   0  78  14   0   0   0   0  45   0  41   0   0  75  87   0   0   0   0   0   0  47   0   0   0   0  93   0  39   6   0   0   0   0   0  29   0  34   0   0   0  98  48   0  14   1  96 
  0  96  55   0  62   1  75   0  58   0   0  28  19  88   0   0   0 100  56   0  40   0   0  93  44  30  51  26   0   0  95   0   0   8 100   0   0   0   0   0   0   0  79  97  87  96  30   0   0   0  97   0  20   0   0   0  94  46 
 32   0  98   0   0  66  21  47   0   0   0   0  71  46  66  33  88  27  61   0   0   0  95   0  54   0  75  13   0   0  12   9   0   0   0   0  61   0  94  82   0  11  33  79  15   0   1   0  56   0  87  42  41   0  45  90  80 
 70  97  46   0  60   0   0  36  46   0   0  76   0   5   0   0  26  25  55   0  35   0   0  45  82   0  23  70   0   0  78  68   0  54   0   0  42   0  31  15   0   0   0   0   0   0  63   0   0   0   9   1   0   0   0   0 
 52   0  92  21  15  18   0  68  55   0   0   0   0  19   0   0  24  18  29   0  12  26  75  21   0   0  36   0  50  99   0   0  32   0  18  24   0  22  84  65   0   0  91  65   0  71  22   0   0  74   0  45   2  55  81 
  0  14  68  29  64   0   0  50   0  45   0   0   0   0  44  27   0  55   0   5   0   1  60  79   0  24   0   0   0   0   0   0  49  70   0  89   0   0   0  13  18   0   0  94  33  43  82  68  71  74   0  24   0  49 
  0   0  94  90   0  71   9   0  70  15   0   0   0   0   9  13   0   0  76  99  31   0   0  23 100  83   0  42  11   0  22  34   0   0   0  80   0  34   3   0  58  10   4  15   0  62   0   0  38   0   0   0   0 
  0  61  59  13  74   2  33  36  31   0  12  54   0  48  55  95   0   0   0   3  27  53   0  19   1  77  19   0  30  12  29   0   0  59  92  59  26  16  71   0   0   0  25  54  43  72  40  26  36   0  36   0 
  0   0  86  30   0   0   0  72  24   0  47   0   0   0   0   0   0   0   0   0   0  33  97   0   0   0   0   0   0   0   0   0  88   0  25   0  45  51   0  60   0  60  84  30   0  73  78   0  38   0   0 
 98   0  87   0   0  17  62  43  78  73  44   0   1   0   3  36  56  92   0   0   0  18   0  43  12   0  38  58   0  77   0  36  92   0   0  19   0   0   0   0   0  90  38   0   0  24  71   0  34   1 
  0   0   0   0  94  77  38   0  21  28  87  10   0   2  11  73  20   0   0   6   0  16   0   0   0  93  41  50  24   0  42   0  99   0   0   0  65   0   0  40  30   0  47   0  80   0   0  47   0 
 40  55  67   0  39  87   0   0   8  83  11   0   0   0  73   0  70   0  31   0  55   7  21  19   0  67  80   0  33   0  15   0  85  29  28   0  71   0  94   0  25  72  64   1  55  13   0  99 
  0  55   0  59   0  50   0  33 100  98   0  91   0   0  90   0  89   0   0   0   0  97  10  57   0   0   0   2  91   0  59  39  42   0  70   0   0   0   0   0  89   2   0  32  36   0   0 
  0  83  75  22  11  54  61  99   0   0   0  72   0  75  79   0   0  56   0  87  19   0  97  68  72   0   0  24  52   0  84  88  85  99   0   0  97  43  44  85   0   3   0  66  36   0 
  0   4  94  62  51  97  59   0   0   0  33   6   5   9   8   0   0   0   0   0   0   0  57   0   0  72   0  63   0   0  24  60  84   0   0  83  82  68   0   0   0   0  73  33   0 
 29   0  84   0   0  28   0   0  34  23   0  99   0  47   0   0  25   0  57   3  28  70 100  82  36  22  41   0  33   4  34   0  17  65   0   0   0   0  37   6   0   0  99   0 
  0  70  11   0   0  18   0   0  20  27   0  94  83  48   0   0  19  14   0   0   0  61   0  75   0  69  69   0  19  30   0   0   2  96   0  40   0  19  66   0   0  60   0 
  0   0  14  47   0   0   0  15   0   0  77   0   0   8  76  30  40  25  57   0   6   0   0   0   0   0   0   0  84  60  77   0   0   0   0  19   3  93   0   0   0  78 
  1   0   0  52   0  37  37   0   0   0   0   0   0   0  91  14  57  91  96   0  85   0  36  56  55   0  75   0   0   8   0  17  93   0  29   0   0  10  30  27  81 
  0   0   0   0   0   0   0   0  87   0  79  22   0  82   0  48   0   0  76   0   9   0  40  89  46  94  18   0  94  92   0   1  16   0   0   0   0   0   0  74 
 44   0   0   5   0   0   0   0  74   0   0   0  97  90   0  78   0  16   0   0  79   0   0   0  82  93   0   0  11   0   0   0   0   0   5  34  86   0   0 
  0  85  67  46   0   0   0  29  66  12  32  37   0   9  79  49   0   0   0  71   0  49   0   0   0  83   0   0  32   0   8   0  63   0  53   0  44   0 
 54  68   0   0   0  94  43   0  86   0  15   0  80  13   0  86   0  70  66  72   0  55  95   0   0   0  89   0  29   0  39  61   0   0   0   0  51 
 79   0  11  66  12  67  48   0  13   0   0   3   0 100  25  85  23  66  82   0  41  49   8  37   0  90  58   6   0   0  71  40  62   0  28   0 
  7  43   0   0   0  29  38   0   0   0   0   0   4   2   0  21   0   0  57   0   0  88  26  12   0  30  65  18   0  53  85   0   0   0   0 
 98  77   0   0  70  34  69   0   0   0   0   0   0   0   0  61  35  53  49  32   0  57   0  80  83   0   0  58   0  31   0  65   0  97 
  0   0  69  25  90   0   0   0   0  12   8  64   0  76  23   0  55  17   2   0   0   0  67  86   0   0  88   0  79  46   0  40   0 
  0   0   0  90  79   0   0   0  36  59  28   0   0   0  29  86  55   0   0   0  69  39   2  26   0   0   0  60   0   0  80  40 
  0  36   0   0  41   0  38   0  51   0  93   0  71  24   0   2   0   0  52   0   0  84   0  97   0  30  32  59   0   0   0 
  0   0  25   0  85   0  70   0  39   0  83   0  23  69   0   0  79  94   7  46  95   0   0  43 100   0   0   0   0  75 
 74   0  20   0   0  27   0  95   0  99  68   0  25  76  61   0  87   0   0   5  23  14   0   0  93  37   0   0   0 
 90  94   0   0   0   0  38   0   0  82  70  98   0   0  84   0  33  60   0  24  34  88   3   0   0  25  99   0 
 57  21   6   1  59   0  51   4 100   0   3  63  46   0   0   0   0  68  11   0   0  31  90   0  56  28   0 
  0   0  18   0  20   0   0   0  27   0   0  73  65   0   0   0  52  50   0  97   0   0   0   0   0   0 
 11  88  12   0   0  49  37  23  96  87   0   0   0   0  22   0  82   0   0  45   0  34  51   0  28 
  0   0   0   0   0  46  23  33   0   0   0  95   0   0   0  27   0   0   0   0  47  57   0  32 
 38  24  56   0   0   0   0  62  40  20   0  67   0   0   0  10  47   0   0   0   0   0  56 
 73  28   0  26  47   6   0   0  39  83   0   0   0  97  64   0  84   0   0  59  27   0 
 31  19  95   0  62  43  79  57   0   0  89  90   0   0  46   0   0  36  47  13  37 
 36   0  30  99   0  11   0   0   0   0   0  99  54  90   0  40   0  88  30   0 
 63   0  55  69   0   0   0  97   0   0   0  64  48   0   0  41   0   0   3 
  0  17   0   3   7  38   0  96   0   0   0   0   0  61   0   0   0  34 
  0   9  98   0  36  70  30  29   0   0   0  35   3   0   3  68  20 
  0 100   0   0   0  64   0   0   0   0   0   0   0  57  22  11 
 44  70   0  19   0  17  21  62   0   6   0   0  32  30  68 
  0   0  42  66  23  73   0   0   0   0   0  15   0   0 
  2   0   0   0  11   0   0  99  57  74   0   0  53 
 94   0   8   0  93  10   0   0  59   0   0   0 
  0   0   0  99   0  47  63   0  39   5  82 
 27   4  94  96   9   0   0   0  78   0 
  6   0   0   0  97   0   0  30   0 
  0   0   0   0   1   0   0  68 
 53  12  31  91  88   1  73 
  0  33   3  74   0   0 
  0  42  95  11   0 
 62   0   0   0 
 12  68   0 
  0   2 
  0 

0
2208
 44  18   3  40  44  22  12  14  11  40  13  40  29  46  37  38  16  46  34  39  39   8  38  11  50  48  12  48  48  34  15   2  34   8  18  14  17   9  29  11  50  15  31  36  34  11  13  32  34  47  45  20  45   6  35  30  24  18  15  44  44  48  21  11  36  24  28  41   3  26  27  14  16  29  14  47  38  40  15   8  12  28  16  33  32  27   7  28  46  42  25  38   1   6  15  31   8  24  16  37 

Comments

Density             : 50.00 %

