r_100_50_3
100
 94   0   0   0   0  68   0   0   0   0   0  17  81  87  20  56   0   0   0   0   0   0   0  29  85   0  26   0   0   0  38   0   3  96   0   0   0  51   0 100 100  46   0  88   0  61  19  54   5  27   0   7   0   0  53  38  12  94  77  36   0  81   0  45  19   3  71  53  71  84  94  11  82   7  40  13   0   0  32  26  20  98   0  53   0   0  24  16  96   0   4  92  36   0  73   0  11   0   0   0 
 99   0  51   0  30   3  43   0   0  13  41  50   0  76  49   0   0   6  93   0  68   0   0   0   0   0  87  81   0   0   0   0   0   0  96  79   0   0   0  17   0   0  34  95   0   0   0   0  63  79   0   0   0  25   0   0  67  69  12   0  80   0   0  66   9   0  19   0   0  81  26  80  39   6  58  35  91   0   0   0  73   0   0   0   1  36   0   2  33   0  46  16  50   0  66   0   5   0   0 
  9   0  21   0  16  68   0   0  29  10   0  74   0  65  39   0   0  13  69   0   0   0  60  80  41  20  55   0   0   0   0   0   0   0   0  91   0  93   0  45  78  30  93   0  74   0   0  52  26   0  37   0   0   0   0   0   0   0   0   0  38  21   0   0  82   8   0  61   0  71   0  61  22   0  60  62   0   4  21   0  87   0  41   0  73   9  18  12  79   0   0   0  25   0   0   0   0  50 
 10   0   0   0  64   0  13   0   0  71   0   0  65   0   0   0   0  50   0   0  17   0   0   0   0   0   0   0  46   0   0   0  59   0  31  42   0  62   0  25  70   0   0  33   0  24  78   0  59   0   0  31   0  53  59   0   0  22   0  78   0   0  63   0   0   0   0  67  50  33   0   0  68  41  75  97  73  30   0   0   0   0  42  80   0   0  80  39   0  70   0  79  10   0   8  32   5 
  0  60   0   0   0  20   0  93   0   0   0  10  99   0  98  11   0   5  15  74  90  51  14  68   0  40   0  25  57  18   0   0  88   4   8  40   0   0  30  52   0  51   0   0   0   0   0  12   0  67  58   0   0   0  24  19  49  44  90  49   0  37  60   0  47   4   3  26   0   0   0  56   0   0   0   0   0  94  26   0  96   0   0  62  36   0   0  86   0   0  12  10  81  57   0   0 
 88  68  58  60  55   0  48  54   0  76  19  50  69   0   0   0   0   0   0   0  97   0   0  55   0   0   0  99  90  95  18   0  30   3   0   0   0  92  36   0  12  81  76   0  36  33   0  50   0  87   0  14  35  80   0  52   0   0   0  57   0  98  26  53   0  36  60   0   0  95  66   0   0  82   0   6  35   0   0  44  26   8   0   0   0   0   0   0  37  90   0   0   0   0  82 
  0   0   0   0  58  15   0  98   0   0   0   1   0   0  21  19   0  52   7   9   0  86  85  89   0   0  43  10   7   0   0   0  72  38  45  27  95   0  71  14   0   0   0   0   0   0   0  57   0   0   0  38   0   0  98  55   0  43   0   0   0   0   0   0  72   0  14   0  72  20  55   0   0   0   0   0   0  40  82  10   0   0   0  92  10   0   0   0  44   0   0   0  39   0 
  0  35  41   7  80   0   0   1   0   0  94   0   0   0   0   0  46   0  36  77  23   0   0  87   0   0   0   0   0   0   0   0  96  45   0   0   0  38   0   0  37  40   0   0   0   0   0  72   0   0   0   0   0   0   0   0   0   0   7  41   0   0  65   0   0   0   0  15   0   0   0   0   0  96   0   0   0  86  26  12  70   0   0   0 100   0   0  61   0   0  54  42   0 
 80  43  62   0   0  95   0   0  94   0   0   0  98  58  40   0   0   0   0  36   0   0   0  41   0  64  80   0  53  81   0   0   9  70   1  66  28   0   0   0   0   0   9  47  69   0  83   0  84   0  24  40   0  64   0 100   0   0   0  63   0   0  99   0  16  32  98   0   0  58  29   0  99  92   0   0   0  74   0   0   0   0   7  11   0   0   0   0  60   0  28   0 
 43   0   0   0   3  30  28   0   0   0  83   0   0   0  81   0  53   0  38  36   0   0  88  18  72  75  53  98  62  31  31  88   6   0  69  15   0   0  85   0  23   0   0  69   0   8   0  42  90   2  26  84   0  14  59  40   7   0  18  70   0   0   0  46   0  96  60   0   0  67  81  52  50   0   0  65   0  41   0   0  63   0  84  67   0  12   0   0   6  68  10 
 62  93   0  88  32   0   7  92  31   0   0  26   0   0  52   0  23  86  88   0  71   0  24   0 100   0  41  65  67   0   0   0   0   0  28   0   0   0   0  40  59   0  19  48   0   0  37   0  24   0  42  92   0  24   0   0   9  91  18  27   0   0  22  21   0   0   0   0   0  57  30  29  86   0   0   0   0  62  74   0   0   8   0   0  36   0  88   0   0   0 
  0   5   0  65  41   0  18   0   0   0   0  20   0   0  91   0  77  92   0  53  28  71  16  45   0  70  38   6   0   0   0   0  54  87   0   0   0  27  22   0   1   0  44   0   0   0  27  97  39   0  68   0  18   0  77  78  34   0   0  75   0   0   0   0   0   0  66   0   0   0  13  84  66  23   0   0  53   4  71   0   0   0  72   3   0   0  87  32  61 
  0   0  59   0   0  59   0   0  21  22  44   0   0   0   0   0   0   0   0  74   0  18   0   0   0  95   0  43  32  83   0   0   0   0  26   0  68  58  93   0  40  12  14   0   0   0   0 100   0  94   0   0   0   0  80  36   0  34  59   0  37  24   0   0 100  99   0  96   0  56  26 100   3   0  19  93   9   0  30   0   0  31  79   0   0   0   0  81 
 25  12   0   0   0   0  65  51   0  30  42   0   0   2  92  79  61   0   0  32  77  44   0  67   0  26  96   0  74   0   0   0   0   0  19  53   0   0  78   0  60  27  31   0  18   0   0   0   0   0  13   0  75  30   0   9   0  67   0  46   0 100  90   0  11   0  66   0  61   0   0   0  44   0  57  20  67   0   0  60   0   0   0  21  29  59   7 
  0   1  81   0  40   0  21  38   0   0  84  56  46   0   0   0  76   0  17   0   0  88   0   7   0   0  51   0   0   0   0   0  39  74  60  42  64   4  57  39   0   0  54   0  16  10  64  37   2   0  33  95   0   0   0   0   0  11   0   5   0   9  47  46   6  30   0 100  68  40   0  77   0  93  53   0   0   0  10   0  62  83  96  23  46   0 
 74   0   0   0   0  35  67  93  13  44   0   0   0   0  34   0   0  64   0  39  43  75  87   0   0   0  30   0  59   0   0   0   0  83  50   0   0  10  33  57   0   0  45   0  38   0   0   0   0  55   0  33   1  54  54   0   0   0  48   0  99   0   0   0   3   0   0  70   0  59   0   0  73   0  14   0  42  25  13  35  24   0  91   0  83 
 36   0  11  45   0  78   0   0   0  71   0   0  62   0  35   0   0  52   0  77   0  92  21   0   0  75  88   0  17  45   9   0   0   0   0   0  78   0   0  32  72  42   8  25   0  35   0  90  74   0   0  48   0  38   0   0  86   0   0  69 100   0  16  97   0   0  22  79   0   0   0   0   0  48   0  83  94  84   0   0   0   0   0   0 
 31  64   0  11   0   0   0   0   0  20   0  65  35   0   0   8  17  21   1   0  18  36   0   0   0   0   0  28   0   0  34  26   0   0   0   0   0  68  75   0   0  95   9   4  65  78  43  15   0  44   0   0  85  33  75   0  10   0   0  44   0  21  58  57  43  23  37   0  94   0  46  33   0  39   0  96  28   0   0   0   0   0  92 
  0   0   0   5  23  40  91   0  81  34   0   0   0   0   0  58  42   0  64  23  56   0   0   0   0   0  16  46   0  63   0   0   0   2   0  36  73   0   0   0   0   0   0  35   0  54   0   0   0   0   2   0   0  50  64  22   0  49   0  54  35  31  34   0  25  95  48   0  14   0  34  95   0  41   0  15   0  20  56   0  51   0 
  0   0  39   0  45  53   0  63  35 100   0   0  47  19  27   0  57   0  28   0   0  33  66   0  64   0   0  50  92   0   0  62   0   9  73  61  68   0  56   0   0  48   0   0   0  72   0   0   3   0   0  74  57   0   0   0  15  24  72   0  45   0   0   0   0   3  65  79  32  51   0   0  84  79  68  73   0  51  96  77   0 
 72 100  95   0   0   0  18  12  25  68   0   0   0   0  35  54  65   0  43  78   2  92  33   0   0  72   7   0  37   0   0  57  86  51   0  47  75  85   1  12   0   0   0  49   0   0  62  72  19   0   0   0   0  27  29   0   0   0   0   0   0  44  49  51  97   0   0  22   9   0   0  51   0  55  89   0   0  92   6   0 
 29  10  18   0  44   0  82   0   8  24  91   0   0  93  71   0   0  82  56   0   0  84   0  86  84  62  29   0   8  82   0  94 100  12   4   0  94   0   0  58   5   0   6   0   0  22  57  20  38  23  39  18   0  40  14   0   0   8   0   0   8   2  29   1  97  64  39  32  14  90   0   0  11   0   0  26  60   0   0 
  0   0   0  40  82   0   9  31  73  94  87   0  74   0  25   0   0   0 100  51   0   0   0   0   0  76  65  81   0  95  60  55   8   8  80   0  89   0   0  36   0   0  87   0  38   0   0  84  10  39   0  92   0  32  44   0   0  52  63   0  42  16   0   0  56  55   0   0  56   0  20  34  57  62   0  77   0   0 
 51  17   0   0  82   0   7   0  85   0  89   0   0   7   0   0  83   0  94   0  22  95   0  58  87   0   0   0  40  21  37   0  36   0  94  35  92  58   0   0  75  45  39   0   0   0  80  64  74  56   0   0   0   0   0  68   0   0   0  99   0   0  50   0   4  16   0  24   0  67   0   0  57  55   0  17   0 
 70   0   0   0  90  63   0  24  66   0  11  84  77   0   0   0  46  85   0   0  66  96  16   0   1  35  97   0   0   0  64   0   0   0   0  74   0   0  61  15  83   0   0  70  87   7   0  51   0  81  97   7  73   0   0   0  26   0  21   0   0   0   0  41   0   0  76  10   0  80   0   0   0   0   0   0 
  0  41  52   0   0  25  28  72   0  84  99   0   1   0  94  61  50  20   0   0   0  36   0   3   0  69  91   4   0   0  85  28  51  66  73  97  73   2   9  70  42   0  97   0   0 100   0   0   0   0   0   5   0  89  92  43  80  85  35   0   0  21  36   0   0  99   0  27  28   0   0  65  54   0   6 
 40   0   5   0   0   0   0   0  98  50  20   0   0  73   0  31   0  57  38  97  76   0   0  16   3  90   0   0  42   0  74   0  69   0   0   0  93   0  29  37  30  72   9   0  48   0   0   0   0  83  40   8   0   0   0  68  30   0  76  12  64  38  78   0  11  47   0   0   0   0   0   0  64   0 
  0  33  92  80   0   0   0  84   0  38   0  88  67  45  72   0  18  48   0   0  56   8  16  24   0   0   0  35  69  61  19   6  87  63   0  68  32  74   0  96  59   0   0  75   0   0  36  54  68   0   2  18   0   0  33   0  50   0   0  93  26  71  17  85   0   0   0  55  34   0  85  63 100 
  0   0  35   6  42   0  76  60   0  21   0  94   0   0  79   0  88  80  93  51  11   0  52   8   0   0   0  41   6   0   0   5   0   0  57  98   0  23  26   0  28   0  90   0   0   0  34  14  22   0  22   2   0   0  19  54  42  31  98   0  44   0   0  77   0   0   0   9  45  31  55  18 
  0   0  22  67   0   0  98  75   0   0   0   0   0   0   0  93   0   0   0   0  10   0   0   0  13  71  67   0   0   0   0  28  67  76  68   0   0  14   0   0   0   0   0  78   0   0   0   0  44  38  62  65   0  45  69  36  77   0  55   0   0  78  83  47   1   0   0  86  84  84  95 
  0  32   0  57  23   0  49   0   0   0   0  80  34  91   9  82  78   3   0  69   0  21   0   0   0  39   0   0  75  85  89   0   0  96   0  81   0  21  41  35   0  34  27   0   0  59  85   0   0  32   0   0  91   0  15   0   0   0   0  25   0   0  20  65  75  95  36  92  35   0 
  0  73  73   0  26  21  83   0  19  23   0   2   0  34   0   0   0   0   0   0  72   0   0   8   0  45  42   0   0  44  44   3   0  79  51   0  49   9   0   0  21  65   0  57  88   0   0   0  34   0  36  61   0   0   0   0   0  58  12   4  85  81   3   0  66  26   0   0   0 
 52   0  51  12  47   0  69  45   0  29   8  26  59  23  60  35  75  21   0   0   0   0  37   0   0  71  62   0   0  64  34   0   0   0   5   0   0  89   0  23   0  52   0   0  32   0   0  67  31   0   1   4   0   0   0  40   0  28   0  70   0   0  30  82   0   0   0   0 
 67   0  39  53   0   0  59   0  63  13   0   0  44  91  50  99  35   0  47   0   0   0  26  53   0   0   0   0   5   0  16   0   0   0   0   0   0  73  75   0  58  66   0   0  15   0  83 100   0  16  81  21  87   0   5   0   0  56   0   0  52  36  91   2   0  89   0 
  0  69   0   0   0  72   0  73  35   0   0   0  55   0   0  61   0  14   0   0  16   0  64   0  66  90   0  29   0  23  85   3   0  64   0   0  13  58   7  24   0  88   0  29   0  52  91  52  17  41   0  64  25   0  75   0  87   0   0   0   0  15  86  24  21   0 
  0   0   0  40  54  81  76   0  21  82   0  58   0   0   0  59   0   1   0   0   0   0   0  35  36  23   0  14  59   0  94  91   0  20   0  91  35  29   0   0  98   0  14   0   0  99   0   0   0  64  20  78   0   0  76   0   0   0  83   0   0  56  99  82   0 
 84  90  30  46   0  75  87  46   0  79   0   0  21   0  36  50   0   8   0  80  59   0   0   0   6   0  94  67   0   0   0  78  90   0  31  76  70  45   0  44  66  32  44   0   0   0   0   0  82   0   0  13  30  28   0  91   7   0   0   0   0  88   0   0 
 88  51  75   0   0  65  93   0  29   0   0   0  99  71   0  41  81   0  68   0  16  99   0   0   2  94  44  95  49  30  36   0  31   2   0  94   0   0  63  47  13  52   0  76   0   0   0   8   0   0  88  44   0   0   0  48  96   0   0  20  41   0  18 
 91  36   9  44   0   0   0  20   0  95   0   0   0   5  40   0  96  13   0   0  83   0  74   0  22  47  82  98   0   0  87  10  10   0   0   0   0  34   0   0  45  78   0  85   0  59   0  27   8   0   0   0   0  91  53  48  35  80   0   0   0  57 
 90  47   0  25   0  65   0   0  38   0  79   9   0   0  35  76  12   0   0  70  94  18   0  56   0   8  72  40  85  95   0  86   0  23  32  71   0  60  45   0  22  60   0   0  65  23   0  64   0   0   0   0  84  90  71  69   0   0   0  34   0 
  0  11  70 100  23  15   0   0   0   0   0   8  18  44   0   0   0   4  52  10  73  33   0   0  39  45   0   0  20   0  83   0   0   0   0   0   0   0   0  14   0   0  67  52   0   0   0   0   7  41  43   1   0   0   9  69  84   0   7  85 
 52   0  64  42  52  34   4   6  57   0   0  55   0  97  88  22   0   0   0   0 100   0   0  45  77   0  49  84  71  25   0  80  25  99  24   7  37   0   0   0  42  49   0   0   0  82  22   0  33   0  44   0  85   0  80   0  43   0   0 
  0  98   7  34  78  61   0   0   0  15   0   0   0   0  39   0  65  59   0   0  62  14   0   0   0  83  89  82   0  24  91  45   0   0  32  48   0   0  32   0   0 100  96  72   0   0   0  24   0   7  66   0  10   0   0  72   0   0 
 16   0  30   0  11   0  72  52  76   0   0  57   0   0   0   0   0  29   3   0  48   0  75   0  67   0   0  92   0   0  53   0  34   0  33  62   0   0   0  81   0  14  89  34  38  83  79  82   0  52  82   9  75  84   0  80   0 
 80   0   3  36   0   0  97  36  53  72   0  21   0  94  13  72   0   0  65   0   0   0  23   0  67   0  52  16   0   0  17  92   0   0  28   0  26   4  63   0  71   0   0  82   0  58  46  15  39   0   0  63   0  78  18   0 
  0   0  20   0  37  65   0  10   0   0   0  93   0  42   0  70   0   6   0   0  84  65   0   0  43   0   0   0  53  57   0  27   0  90   0   0  25   0   0  32   0   0  39  64   0  75  10  17  82  92   0  16   0   0  14 
  0  10  48   0  12  72  33   0   0   0  92  19   0   0   0  83  93   0   0  99   0  14   1  81  36  24  25   0   0   0  91   0   7   0  68  27  34   0  50  64   0   0   0   0  71   0   0  92  20  56  38   0  36   0 
  0   0  25   0   0   0   0   0   0  38  80   0  54   0   6  79   0   0   0  59   0  33   0  57   0  97   0  84  70  25  45  53   8   0  66   8  96   0   0  77  11  40   0   0  74   0  31   0   0  63  85  59   0 
 25   0   0   0  79   0   9  16  74   0  50  95   0   0   0   0  28  81   0   0   0  44   0   0   0   7   0  84   0  16  61   0   0  28   0  97  69   0  53   0  49  97  64  40  86  46   0  78   0   0   0  39 
  0   0   0  20  92  72  99  66   0   0   0  27   0  45  36   0  23  26   0   0   4   0   0  33  76  30   0  27   0   0  50  36   0  31   0  75   0   0  70   0  80  23   9   0  66  61   0  79   0  72  59 
  0  88  29  24   0  44  17  39   0  29   0   0   0  33  57  27   0   0   0   0   7   0   0   0   0   0   0  14  90 100   0   0   0  55   0   0  92   0  82  60 100   0   0   0  99  89  46   0   0  11 
  0  36   0   0   0   0  32   2   3   0  60   0  13   0   0   4  11  39  46  83   0   0   0  66  77  46   0  40   0  84  43   0   0   0  48  32  36   0  64   9  49   0   0   0   7   0  80  29  54 
 76  26  12   0  69   0  14   0   0   0  25  10   0  73   0  61  88   0   9   0   8   0   0   0   0   0   0   0  59   0   0  11   0  94  49  14   0   0   0   0  26   0   0  85  56  14   5  68 
  0  42  49  41   0  51   0   0   0  23   0   0   7   0  35  79  94  88   1  88   0  68   0   0  93   0  71  64  91   0  38   0   0   0   0  96  95   0   0   0   0  73   4   0  12  79   0 
  0   1  28   0  89  83  94  52   0   0   0   0   0  91   0   0  48  64  66   0   0  27  74   0   0   0   0  42  60   0   0  89   0  99   0   0  47   0  67  95   0  54   0   0  99  58 
100  71  13   0   0   0  72  27  98   0  35   0  59   0   9  62   8   0   0   0   0   1   0  30   0   0   0  38   0   0   0   0  69  68  20  68   0  14   0   0   0   0   0   0 100 
 17  45  70  64  54  18  10   0   0   0   0   0   0  17  27  80  31   0   0  15   0  42   0  32   0   0  21   0   0   0  30   0  44  83  97  64  58   9  80  19   0   0  98  57 
  0  82   0  68  43   0  11  91   0  76   0   0  91   0   0   0   0   0  49   0   0   0   0   0   0   0   0   0  45   0   0   0   0   0   0   0  43   0   0  51  42  88  46 
 43   0   0   0   0   8   3  38   0  52  42  77  15   0   0   0  15  35   0   0  67  83  32  73   0  11  39   0  99  27  75   0  63   0   0   0   0   0  53   0  14  98 
 28   0   0   0   0  35  52  40   0   0   0   0  86   0  82   6   0   0   0   0  51   0  34   0  92   0   3   0   0  88  72   0   0  20   0   0   0   0   0   0   0 
 68  13   0   0  31  24  49   0   0  21  54   0   0   0   0   2   0   4   0   0   0   0   6  77   0   0  91   0   0   0   0  83   0   0  27  26   0   0  34   5 
  0  57  12  95   0   0   0  33   0   0   0   0   0  78  98   0   0   0   6  70  66  43   0   0  77  57   0   0  39  87  67   0   2   0   0   0   0   0   0 
  0   0  52  62   4  18  69   0  94  62  13   0  60   0  11  42  40   0   0  72  87   0  63   0  42   6  74   0   0  43  48  88  20  31   0   0  72  90 
 19   0   0   0   0  50   0  20   0  13   0   0  54  95   0   0   0   0  87  26  29   2   0  18   0   0   0   0   0  46  72   0  18   0  97  75  79 
 90  14  18  92  53   0  86  64  76   5   0  53   0   0  95   0  42   0  77   0   0  26  88   0  63  30  54  66   0  94  75  56   0   0   0   0 
 63   0  46   0  58  43   0   0   0  35  43  91  99  12   0  34   0   0  97  59   0  51   0  44   0  52   0  84   0   0   0  38  96   0  67 
 60   9  85   0   0   0   0  49   0   9   0  60  15   0   2  96   0   0   0  93  19  93  28  94  86   0  34   7   0  38  97  77   0   8 
  1   0   0   0  94  65   0   0  39   0   7  11  50   0   0  82  68   0  12  91  26  77   0  75  79  11   0   0   0  90   0   0   0 
  0  64   0  98  75   0  83   0  65   0   0   3  40  23   0  85   0  63   0  78  32  75  68  19  29   0   0 100   0  49 100   0 
  0   0   0   0  10  39   0   0   0  72   0   0   0  38  91  73   0   0  78   0  96   0  22  47  67   0   0   1   9  87  38 
 47   0  58   0  40  23   0  17   3   5  38   3  43  91  54  82  22   0   0  61  32   0  49  98  76   0  80   2   0  40 
  0   0  16   0  61   0  42   0  84   0  11   0   0  11  42   0   0  22   0  60  49   8   0  85   0  90  78  55   0 
  0   0  24  90   0   0   0   0   0  56  36  51   0  28   0  90   0   0   0   0  40   0  68  84  28   0   0   0 
  0   0   0  72  86   0   0   0  55   0   0   0   0  45  11   0  75  65  12  80  54   0   0  66   0  88  55 
  0  22   0  66   0  88   6  87  99  57   0 100  97   0  86  49   0   0  28  48   0  75   0   0  11 100 
  0   0   0   0  51   0  75   0   0  23  86   0  82   0   0   0  28  91   0  61   0  25  42   0  93 
  0   0  78  44   0  77   0  49   0  87   1  46   0  97   0   0   0   0   0   0  12  20  67   0 
  0   0  56  66   0  88   0   0  87  27  22  42  36   0   0   0  39  50  31  30   0  98  36 
 53   0   0  73  29  72  93  41   0  86   0   0  46  15  56  67   0   0  56  66  55  28 
 56  89   0   0  81   0  10   0   0  88  19  13   0   0   0   0  71   0  24  71  40 
 70   9   0  49   0  34   3   0   0  25   0  99  36   0   0   0  90  41  68  98 
  0   0  77   0   0   0   0  62   0   0   0   0   0  11   0   0   0  49   0 
 41  53   0  92   0   0   0  75  61   0  88  76   0  94  17  53   0   0 
 75  71  61   0   0   0   4  98   0   0   0  45  69   0  67   0   0 
 37   0   0   0  86  37   0   0  22  99   0   2  49   0  77   0 
  0   0   8  21   0   0  24  31  42   0  38  61  34   0   0 
  0   0  43  89  10   0  41  32   4  28  85  91   0   0 
 98  12  38  45   0   0  20   0   0  13   6   0  91 
  9   0   0  68   0  23   0   0  67  93   0   0 
  0   0  39   6   0   0  71  35   0   0   0 
  0  38  39  64  60   0   2  52  95   0 
  0  87   0  25   0  53   0  95   0 
  0   0   0   0   0   0   0   0 
 98  50  82  18   0  29   0 
 57   0  67   0  89   0 
 21  53   0   0  99 
 14  42  63  99 
  7   0   0 
 49   0 
  0 

0
568
 30  14  44  44  10   3  43  17  44  31  43   1  26  19   3   6  22  15  14  36   1  27   2  48  15  33  21  21  13   9   5   5  29  34  47  46  46  28  15   3  26  24  43  41   9  10   3  47  12  10  27  13  27  26  37  33  29  32  12  35   9  29  41  28  26  22  14   5  15  26  11  12  22   1  45   2  50   5  29  42  20   4   7  50  34   8  14  34  18  31  25   1  46  49   4  48  16  45  28  35 

Comments

Density             : 50.00 %

