r_100_50_10
100
  0   0  62   0  50  85   0  96   0  60   0   0   0   0  62   0   0   0   0  47  11  29  33   0   0   0  89   0  72  65  16  33   0  99  37   2   0   0  54   0   0   4  67  58  21   0  80   3   0   0   0  41  72  58   0  34   0   7  25   0   0   0   0  31   0   0   0   0  19  32  62   0  22  74   0   0   0   0   0   0   5  95  24  78   0   0  59   0   0   0  37   0  12   0   0  52   0   0   0   0 
 35  15   0  98   0  86  55  43   0  63   0   0  58   0   0   0   0  10  70  98  80   0   0   5  37   0   0   0   0  56   0   0   0 100  69   0   0  39  39  15   0  87  26  55  97   0   0   0   0  48   0   0   0   0   0  51   0  80   0   0   0  49   0   0  77  28  75   0   0   0  49   0  19  77   0  32   0   0  15   0   0  66   0  47   0  80  87  94   0   0   1   0   6  99   0  92  35   0  41 
 74   0  21   0   0  33  37  77   0  70  44  83   5   3   0   0  91   7   0   0  84 100   0   0  49   0   0   8  45  81   0  32  29   0   0   0   0   0  49  31  99  29  65   0  64   0  48   0  72   0  63   0  44  82   0  27  67   0   0   0   0   0   6  45   0  66  43   0  20   0   0   0  95   0   0  42   0  80   0  30  80   0   0   0  38   0  23  94   0  77   0   0  85  16   0   0  92  10 
  0  48   0   0  17  34  43   0   0  23   0  48  15   0   1   0  48   0   0  58  29   0   0  52  60   1  54  18   0  64  78   0  76  72   0   0   0   0  69  24  17   0   0  30  85   0   0   0   0   0   0   0  75   0   0  47   0   0   0   0   0  56   0  98  34   0   0   0   4   0  23  88  43   0   0  26   0   0  95  15   0  32   0   0   0  36  85   0  32   0   0  75   0  14   0   0  93 
  0   0   0   0  47   0   0   0  20   0   0   0  22   0   0   0  15  12  26   0  75   0   0  18   0  28   0  30   0   0   0   0  74   0   0   0  22  21  52  90  35   3  57  80  30  67   0  61   0  53   0   0   0  38  49   0   0   0  64  61   0  95  84  76   0   0  43   0   0   0   0   0   4  24  64   0  77  13   0  63  30   0   4   0  16  90  10   0  11   0   0 100  22   0   0   0 
 14   0   0  95   0  71  63   0   0  51   1   0  45   0  24  53  73   0  48  95   0  70  75   0   7   0   0   0   0   0  11  54  69  76   0  24  36   0  89  79  15   0   0  99  88   0   0  58   0   0   0   8  17  61  41   0  29   0   0   0  33   0   0   0   3   0  44  45  93  52  19   0  63   0   0  49  76   0   0   0   6  51   0   0  20   0  48   0   0   0   0   0  73   0  41 
  0   0  75  48   0   0   0   7   0  13   0  77  79  24  15   0   0   0   0   0   0   0   7  77  73  47  25  19   2  68   0  62  70   0  52   0  61  58  52  82   0   0   0  45  59  26   0  88  75   0  55  23  44   0   5   0   0  57   0   0   0   0   0   0  75   0  29   0 100   0  71   4  14   0  19  83   0   0   0   0  79   0  26  37  77   0   0  29  11  99   0  89   0   7 
  0   0   0   4   0   0  72  44   0  16   0   0  50  21   0   0   0  68   0   0  77   0  98 100   0  55  42   0   0  34  23   0   0  52   0  28  58   9  32   0   0  48   0   0  40   0   0  98   7  72  29  29  57   0   0   0  71   0  22   0   0   0   0   0   0   0  64   0   0   0  12  67  91   0  13   0   0  47  75  55   0  62   7  71   0   0   8   0   0   4   0   0   0 
  0   0   0   0   0  13  25  52   0  87   0  75   3  17   0  72   0  16   0   0  36  24   0  86  68  52  71  12   0   0   0  91   0   0  55   0   0   8   0   0   0   0  75  57  94   0   0   0   0   1  43  57   0   0   0   0  29  53  59  34   0  45  44  38  28  81   0  61  20  13   0   0  67   0   0  65   0   0   0  24   0   0  17   0   0  52   0  26   0  80 100  80 
  0  15  41  95  59   0  88   0  77  10  86   0  61  96   0  26  36  12   0  46   0   0  24   0   0   0   0  10   0   9  85   0  42   0   0   0   0  78  27   0  80   0   0  59  79   0   0   0   0   0  21  84   0   0  59  19   0  83  34  89   0   8   0   0   0   0   0   0   0   0  67  76   0  10  61  94   0   0   0   0  71  55   0  70   0  34   0   0  25   0  80 
 91   0  75   0   0  47   0  54   0   0 100  42   0  54   0  71   0   9  39  66  98   0  60  12  49  63   0   0   0   0   0  24  62   0   0   0  74   0  61  16  84  98   0  31   8   6   0  47   0   0  53   0  75   0   0  34   5  82   0  90   0   0   0  14   0  71  22  29  91   0  48  30  16  63  83  96   0   0  90   0  46  59  51   0  55   0  57   0   8  24 
  0  55  87   0   0   5   0  52   0  36   0  31   7   0  97   0   0   0   0   0   0   0  95  13   0   0   0  93   0   0   0   0   0  23  30   0  50   0  56  65   0   0  48  86  59   5   0   0  13   0  13   0  38   0   2  93   0   0   0   0  70  78   0  21   0   0   2   8  80   0  13   0   0  11  51   9   0  70   0   0  67   0   0 100  99   0  30   0  25 
 27   0  35   0   0  92  48  71  21  40  46   0  29  54  64   0   0   0  95   0  79   0  40   0   1  90  28   0   0  30   0  37   0  15   4   0  10   0   0   8   0  99   0  75   0   0   0  92   0   0   0  27   0  54   0   0  95  50  39  46  97  16  54   0   0   0  93   0  96  22   0   0   0   0  18  43  76  83   0  30   0  59  87   0   0  34  36   0 
  8   0   0   0  80   0   0  73  36   0   3  55   0   0   0   0   0   0   0  47  12  14  97  56   0   9   0  11  50   0   0  67   0   0  34  27  67  28  88  75   0  96   0  98  91   0  59   0   0  87   0  45  66   0   0  82  91  29  50  31   0   0   0   0  19   0   0   0   0  82  82  81   0  39  44  80  10   0  64  44   0  88   0  36  15   0  88 
  0   0  33  55  38  78   0  50  84   0   0  63   0  98   0  48  61  52   0  22   0   0  48   0   0   0  28   0   0   0  66  91  16  28  28   0  67  10  40  85  26   2   0   0   0   4   5  60  30   0   0  42  27  50   0   0  68   0  89  29  96   0  34  39  11  92  70  90  17   0  49  12  91   0   4  79  70   0   0  35  80  15   0   0  53   0 
  9  37   0  15   0  27  11  67   0  81   0   0  70   0   0  39   0  97  88   0  60   0   0  39   0   0   0  17  94  10  17  31   0   0   0  11  23   0   0  51   0   5   8   0   0   0  21  41   0  97   0   0  60  13  49  50   9  43  56  57  67  25  14  87   0   3  76  87   0  45   0   0   0   0  80  79   0   0   0  75  17   0   0  53  87 
 12  65  96   0   0   0  70   0   0   0   0  53  55   0  69  54   0   0  26   9 100   0   0   0   0   0  87   0   0   0  77   7  86  19   1  49   0  65  53  42   0  67  18   0  16   0  50  86   0   0   0   0   0   0  51  12   0   0  96   0   0   0  37   0  25   0   0  89   0   0  81   0   0   0   0   7   0   0  82   0  77  54   0   0 
  0  42   0   0  16   0   0   0   0  24  35   0   0   0   0  11  99  19  76  72   5   0  32   0  69  80  70   0   0  99  85   0  51  86   0  28   1   4  16   0   0   0  74  60  58  54   0  55  35   0   0   0   6   0  20  70  65  35  83  50   0  53   0  13  86  13   0  89   0 100   0   0  22  15  50  74   0  53  26  22  38  77  44 
  8   0  63   0  92   5  12  19   0   0  35   0  45  92   0   0   0   0  35   0  34   5  12  44   0   0   0   0   0  89  95   0   8  95  27   0   0   0  41  93   0   0   0   6  31   0  72  93   1  61  13  45  73   0   0   0   0  37  11  18   0   0   0  64   0   0  77  64   0  13   0   0   0   0   0   0  41   0  81   0  93   0 
 10  42  44  17   9   0   0   0  63  47  72   0  40  27  13   0   0  29  65   0  58   0   0   0  15   0  63  44   0   0  27  78  30   0  79   0  97   0  87   0  70  38  67   0   0  34   0   0   0  90   0   0   0  71   0   7  51  62  51  31  81   0  47  51  10   0  94   3  34   0  49   0  22   0   6   1  50  66   0  79  64 
  0   0   0   0   0   0  60  85   0  90   0  61  48   0  91   0   0   0   0  81  93   0  59  91   0   0   0   0  93   0  73  75  15  28   0  34  88  86  99   0  65   0   0   0  39  62  89  18   0  66  34   0   0   0  45   0   0   0  58   0  16  88  66   0   0   0   0   0   0  46   0  28  19  31   0   0   0   0   0  64 
  0  62   0  62   0  88  97   0  45   0  71  52   0  61  12   0   0   0   0  93   0  41  47   0   0  19   0   0  51   0   0   0   0   0   0  43   0  93  21   0   0  72  40   0   0   0  72  93  53  31   0   3  82   0   0  25   0  93  12   0   0   0   0   0  94   0  80   0   0   0   0   0   0   0  15  16   0  94  56 
  0   0   0   0  21  19   0   0  10  73   0  64  67  19   0   0  53   0  16  22   0   0  14   0   0  44  62  26  23  59   0  89  74   0   0   0   0   0   0   0   0  55   0  79   0  45   0   0  71  60   0  72  88   0  65  25  69  17  59  78  80   0   0   0  65  53   3   0  80  45  63   0  85   0  61   0  82   0 
 58   0  64 100  21  80  83   0  93   0 100   0  33   5   0  76   0  97   0   0   0  96   0  90  93   0   0  46   0   0   0   0  92   0  91   0  23  77  23   0  27   0   0   0  91  77   0  12   0  64   0   0  33   0  94  89  23   0  87   0   0  30   0  92  25   0  96   0  42  96   0   0   0   0  38   0   0 
  0   0  54   0   0  41   0   0   0  89   0  70  79  32  63   0   0  10   0  69  63  12   0   0   0   0  90  41   0   0  84  98  59   0   0   0   0   0   0   6  32   0   0  91  53   0  94  99   0   0   0  55  87   5  19  60  52   0   0   0  79  67  95   0  15   0  56   0  88   0  77  69   0  45   0  36 
 74   0   0   0   0  50  61  89   0  80  40   0   0  40  48  51   0   0   0  47   0  94  90  48   0   0   0   0   0   0   0   0   0  59  99  80  17  20   0   0   0  10  63   0   0   0  12   4   0  81  76   0   0  57  97  34  89   0  34  44   0  10  69  80  67  32  48  99  40  84   0  61   0   0   0 
 47   0  70   0  15   7  93  15  98  37  99   0  58   0  27  25   0   2  43   0   0   2   0  57   0   0   0   0   0  44  72  46  13   0  32  40   0   0   0   0  58   0   0   0   0   0   0   0  62   0  47  42  82   0   0  19   0   0   0  70  58   0   0  43   8  83   0   8   0   0  15   0   0  57 
 92  49  39  63   0  52   0  29   0   0  16  61   0  50   0   0  15  48  35  29   0   0  18   0  23   0   0  50  33   0  44   0   0  85   0  56   0  27   0  78  26   1   0  75  99   0   0  67  95   0   0   0  31  77  47  80   0  97   0   0   0  17   0  41   0  45   0  99   0  40  24   0   0 
  0  14   0  76   0   0   0  81   0   0   0  75   0   0  26  57   0   0  90   0   0  35   0  76   0  33   0   0  27  26   0   0  13   0  76   6  33  89   0   0  67   1  91  74  78   0  89   0  65  80  21   0   0  78  70  81  52  60  78   0  31   0  62  32   0   0   0  13   0   9  64   0 
 16   0  91   0  10   7   0   0   0  38  84  46  45  49   0  76  79  64   0   0   0   0   0  34   0  91   0  73  93   0   0  87   0   6  79   0   0   1  41  54   0   0  41   0   0  16   0  63  75   0   0   0   0   0  65   0   8   0   0   0   0  78   0  17   0  21  34  78  13   0  82 
  0   0   0  61   0  99   0   0  77  42  59   0   0  10  85  35   0   0  20  94   0   0   0  99  65   0  56   0   0   0  24   0  11   0  36  21  63  12   0  91  13  32   0  20   0  33  51   0  34   0  90   0   0  51  94   0   3   0   1   0   0   0   0  28  42   0  27   0  94   0 
  0  49  16  92   0   0   0   0   0   0  77   0   0  19   0  64   0  19  15   0  17  11   6   0   0   0  69   0   0  86  73  56   0  64  81  51   0  26   0   0  92   0  56   0  52   0  16   0   0   0   0  52  42  38   0   0   0   0   0  16   0  19  44  49  85  46  44   0   0 
 21   0  62   0  54   0  16   0  83   1  62   0   0  99   0   0  31  94  80   0  33   0  48  21  64  26   0   0 100  70  80  97   0  34   0   0   0   0   0   0   0  61  57  49  57   0  98  22   0   0  55  24  84  78  66  62  29  14  49   0   0  56   0  24   5   0  22   0 
  0   0   0   0  46   0  57   0   0  27   0   0  95  97  56   0   0   0  84  75   0  52   0   0   0 100  96   0   0   0   0   0   0  82   0   0   0   0   0  74  29   0  93   0   0   0  43  91   0   0  91   0  38  79   0   0  72  82  92  84  26  64   0   0  30   0   0 
 17  83  32  87   0  40  42   0   0   0  99   0  25  20 100   0   0  72  72   0   0   0   0   0  69  83  62  83  14   0  78   0   0   0   0  20   0   0  25   0  14  95  92   0   0  61  69   0  86   0  24  76   0   0   0   0  98  63  16  83   0  91  89   0   0  23 
 54   0   0   0   0   0   0   0  71   0   0  35  63   0  41  97   0  54  48  95   0  77   0   0   0   0   0   0   0   0   0   0  75  86  38   6   0  82   9  94   0   0  94  82  48   0  45  50  69  77   0   0   0   0  25   0  57   0   0  20   0   0  11   0   0 
  0   0   0   0   0  27   0  61  29  38  77  17   0  78   0   0  33   0  78   9  95   0  92   0   0   9  52  65   0   0  85  26  33  69  98   0  16  71  31  74  35   0   0   0   0   0  60  48  91   0  93  32  96  38  44   0  71  77   0   0   0   0  53  83 
  0   0   0  46   0  39   0   0   9  89   0 100   0   0   0  90  39   0   0   0   0  99  55   0   0  96   0  30  19  56   0  19   0  30   0   0   0  93  23   0   0  49   0   0  93   0  66  12   0   0  25   0  36   0   0  71   0  61   4   0  86   0   0 
  0   0   0  83   0   0  97   0   0   0   0   7   0   0   0  33  61  78   0   0  71   0   0   8   0   0   0   0   0   4  19  92  54   1  65  76  21  85   0  38   0   2  89   0   0   0  90   0  11   4  26   4  74   0   0  51   0   0   0  67   0   0 
 60   0  86  11  86   0  34   0   0   0   3   0  64   0   0   0   0   0  61  57   0   0   0  12   0  90  13   0   0  79  14  57  32   0  19  86   0  59   0  69   0  39  20  70   0   0  91   0   0   0   0 100  90  46   0  19  74  96   0  45   0 
  0   0   0  15   0   0  50   0   0   7   0   0  77   0   0   0  65  22  19  64  11  74  49 100   0   0  61   0   0   0   0   0  50  87   6   0  49   0  16   0   0  19   0   0   0  88  85   0   0   0   0  68  95  90   0  55   7   0  59  31 
 94   0   0   0   6  36  57  45  62  49   0   0  17   0   0   0  51   0   0   0  99   0   0  22   0  37   8   0  84  43   7  57  20   0  76  49  35  91  77  14   4  94   0   0  14  22   0   0   0  15   0   0   0  41  56  89   0  68  26 
  0   0   0  20  20   0  33  25   1  40  62   0  97   0  75  31   0  58   0   0   0  81   9   0   0  81  59  87   0  12   0  57   7   0   0   0   0   0   0  61  79  27  44  53   0   0   0  50  94  98   0   0  98   0   0   0   0   0 
 14   0   0   0  92   0  41   0  13   0   0  43  85  75   0  89   0   0   0   0   0  79  74  68  85  77  17   0   0   0   3  63   0   0  43   9   0   0  73   9  34   0   0   0  78   4   0  83   0   0   0  83   0  63   0   0   0 
  0  85  28  58  52   0   0  21  48  12  60   0  85   0   0   0  62   0   0  89   0  26   0  18   0  21  92   0  24  61   0   0   0   0  51  63   0   0   0  61   0  42  59   0   0   0  50   0  19  23  50  64  44  86 100  12 
 30  47   0  49  51   0   0  72   0  38  57   0  61   4   0   0   0  76  38   0   0   0   0   0   0  41   0  29   0   7  69  20  32  26   0  83   0  69   0  71  39   0  96   0   0   0   0   0   0  90   0   0   0   0  47 
 51  53  58  89   0   0  89  39   0   0  59   0   0   0   8  52   0  54   0  27   0   0  12  94   0   0   0   0  60   0  20   0   0   0   4   0   0  25   0   0  63   0  37  89  88   0   0  60  63   8  38  50  23   0 
  0   0  86  23   0  79   0   0  77   6   0  32   0  53   0   0  87  57   0   0  58   0   0  57   0  95  51   0   0   0  54   0  29  92   0   0   0   0  49   0   0   0   0   0   0  84  69  56  23  82   0   0   0 
  1  56   0   0   0  93  62  88   0   0   0  31  60   0   0  37   0  96   0   0   0  18  30   0  96  18   0   0   0   0  36   0  97  77   0   0   0   0  98   0  91  99  77  98   0   0  64   0   0   0  26   0 
  0  91   4  88  96   0   0   0  11  57   0  43  35   0  81   0   0   0   0   0   0   0   0   0  73   0   0  50  93   0   0   0   6   0   0  87   0  67  35  11  12   2  51   0  18   1   4   0  97   0  63 
 57   3   0  26   0  24  77   0   0   0   0  73   0   0  93  80  75   0  92   0  34   0  60  74  40  59  74  71  44   0  48   0   0   0   0  57  33   0  99  11   0   0  51  37   0   0  40   0   0   0 
 23  78   7   0   0  32   0   0  58  23   0  10  29  28  33   0   0   0   0  64  55  46   0  30  94   0  51  16   0   0  50  71   0   0   0   0  67   0  91   0   0   0   0  68   0  73  90   0   0 
  0  48   0   0   0  28   0  69   0   0   0   0   0 100  89  13   0   8  13   0   0   0   0  69  14  35   0   0  18   0  97   0  99   0  20  31  58  46   0   0  79   0   0   0  64   0   0   0 
  0  35   0  65  81   0   8   5   0   0   0   0  28   0   0  71   0   0   0   0   0   0  57   0  30   0   0   0   0   0   0   0  51  42   0   0   0   0   0   0  90   0  35  49   0  62  53 
  6   0   0   0  70   0  12  97   0  35   0   0   0  77  24   0   0   0   0  55  11  30  43   0  13   0  74   0   0   0   0  82  18   0  53   0   0   0  19   0   0   0   0   0   0  31 
 31  45   0  63   0  29   0   0  86  33   0  15   0   0  42   0  78  71  18  11  53  10  36   0  15  44  37  87  10   0  55   0   0  58  92  98  85   0   0  58  81   7   9  30  41 
  0  42   0   0   0   0  37   0  14   0  90   0   0   0  92   0  87  67  59   0   0   0   0  45   0   0  10  44   0   0   0  87   0   0  75   0   0  60  15  83  75  14  68   0 
 24   0  85  52   0  89  41   0  70  65   0   0  71  75   0  72   0  82  35   0   0  35  62   0   0  76  92   0   0   0   0   0  49   0  42   5  39   1   0   0  69  69  24 
  0   0   0   0   0  28  81   5   0  57  64   0   0   0  48   0   0  78   0  93   0   0  76  29   0   0  44   0   0  15  10   0  13  92   9   0   3  51  85   0   0   0 
  0  16  81   0  20   0 100   0  81   0   1  93   0  64   0  36   0   0  19  26   0  17   0  86  54   0   9   2   2   0 100   0   0  65   0   0  46   0  28   0   0 
  0   0   0  56   0   4   0   0   0  63  84   0  21   0   0  98   0   0  23  65  11 100   0   0   0   0   0   0   0   7  79   0   0   0   0  96   0   0   0   0 
 21   5   0  37  28  36  38   0  75   1  37   0   0  89   0  98   0   0  28  95   0  15  43  12  88   0   0  29   0  44   0   0  91   8   0   3  53   0   0 
  0  35   0  39  64   0   0   0   0  77  71   0   0  84  89  39   0   0   0  61   0  60   0   0   0   1   0  71   0  40   0   0  40   0   0  41  70  25 
  0  36   0   0   0 100  80   0   0   0  23   0   0   0  10   0   0  41   0   0  31   0   0   0  80  24   0  44   0   0  89   0  59  14   0   8  31 
  0  91   0  51  44  17   0  92   0  50  99   0  24  16  49  40  14   0  60  48  90   0   0   0  56   0   0  94  76   0   0  64  80   0  92  32 
 28   0  26   0   0   0   0  41  68  54   7   9   0  46   0  75   0  69   0   0   0  69   0   0   0  51  60   0   0  84  35   1  62  43  97 
  0  76   0  51  91  74   0  22  39  23  19  16   0   0  96   0   0  34  79   0   0  12   7  95   0   0   0   0  25  61  88  90   4   0 
  0  33  75   0  16   7  11   0   6   0   0   3   0   0   4   0   0   0   0   4  34   0  74   0   0   0   0   1   0  12  28   0  66 
  0   0   0   0   0   0  62  40   0   0   0   0   8  72  23   1   7   0  14   0  23   0  42   0   0  75  18  75  48   0   0   0 
  0   0   0  83   0   0  90  56  94   0   0   0   0  92   0  76  33   0  22  51   0 100  31   0  63  89   0  99  75   0   0 
  0  27  71  24   0   0   0   0  17   0   8  59   0   0   0   0  67   5   0   0  80  71   0  46   0   0  75   0   2  58 
 87   0   0  69   0  71  18  71  78  11  60   0   0   0   0   0   0  15  58  36  44  75   0   3  34   0  80  74  82 
 42   0  71   0   0  13  31  30   0   0   4   0   0   0  72  64   0   0  27  50  29   6  47  31   0  27  64  50 
 57  67   0   0   0   0   0   0  20   0  96   0  84   0  64  35   4  60   0  84  90  29   0  68  99  38   0 
  2   0   0  24   0  96   0  43   0   0  76   2   0   0   0  98   0  57   0   0  22  63   0   0   0   0 
 94   0   7  70   0   0   0  31   0   0  14   0   0   0  66   0  22   0   0   0  78  55  99   0  65 
 25  53  66  95   0  58  11  28   0  31  80  58  40   0  43  56   0   0  60   0  13   0  45   0 
 29  19  45  88   1  97  23   0   0  10   0   6   5  41   0   0   0   0   0   0  75   0   0 
  0   7  69  59  73   0   0   6   0   6   0   0  44   0  70   0   0   0  66   0   0   0 
  0   0   0   0  46  38   0   9  21   0   0   0  89   0   0   0   0  28  51  91  84 
  0   0   0   0  54   0  75   0  28   0   0  14   0  31   0   0   0   0  87  74 
 10  10  10  47   0   0  85  18   0  45   0  45   0   0  60  61  16   0   0 
  0  77  50  23  50   0  43  44  60   0  33   0   0   0   0  21  36  97 
 72   0   0   0   0   0 100   0  66   0   0  48   0   0   0  30   0 
  0  32   0   0   0   0  58  35   0  90  43  43   0   0  22   0 
  0  97  70   0 100   0   0   0   5   0   0  88   0  13  59 
 22   0   0  41  43   0  67  71   0  40   0   0  64  24 
 71  74  44   0  42  62  98   0  72  76   0   0  38 
 21  77   0   0  77   0   0   0   0   0  62   0 
  0   0  16  27  20  42  58   0   0   0  51 
  0  18  36   0   0   0   0  15   0   0 
  0   0  65  15   0   0   0  51  31 
 46   0  61  29   0  96   0   0 
  0  57  54   0  41   0  48 
 59  72   3   0  97   0 
 52   1  94   0   4 
 34   0   0   0 
  0   0   0 
  0  77 
 28 

0
1918
 36  45  31  40  10  35  44  40  25  35  15  14  15  13  44   4  35   4   8  44  47  50  46  23  20  35  15  27   1  23  44  48  39  29  15  31  25   2  12  43   7  36  45  34  49  25   8  24  41  15  44  47  18  40  21  42  12  20  17  12  32  49  37  35  18  21  15   8  20  30   2  18  37  35  28  48  50  18  10  19  40   9  12  39  39  45  25  11  31  15  30  28  30   9  38  24   7  43  36  23 

Comments

Density             : 50.00 %

