r_100_50_8
100
 92  31   0   0   0   1  58   0  83   0   0  72   0  23   0   0   0   0   0   3  22   0   0   0   7  49   0   0   0  61   0   0  72   0  55  57   0   0  55   6   0  73   0  88   0   0   0   0  61  59  19   0   0  88   0  72   0 100  16   0   0  27  23   0   0   0   0   0  16   0  31  44   0   0   0  12  69  91   0  11  70   0   0  44   0  22   0  60   0   0  27   0   0  59   0  95   0   0  89  95 
  0  25   0   0   5   0  94  17   0  46   0   0   0  99   0   0  86  31   0   0  89   0   0   0  73  81  44   0   0  30  66   0   0   0  42  31   0   0  13  45  84   0  83   0  10  44  96   0   1   0  19  68  14  79  55   0   0   0   0   0  72  76 100   0   5   0   0   0   0   0  65  90  86  26   0  75  46   0   0   0   0  92  75   0  93  73  98  10  60   9  48   0  55  19  23  88  23   0  86 
 27   0  92   0   0   0   0  32  37   0  88   0  22   0   0   8   0   0  91   0   3   0   0  54  85  89   0  45   0   0   0  74   0   0  51   0  81  48   0   0  63   0   0   0   0  11  55  89  50  23  84  31  17   0  75  72   0   0   0   0   4  64  11   0   0  50   0   0   0  81   0   0  39   0  11   0  64  86   0   0  79  78   3   0  25  99  66  88  26  63  70  28   0  37  28   0  78  92 
  0 100  65   0  88  76   0   0   0   0  18   0  34   0  16   0   0   6  91   0   0  61   0  38   0  81  30  95   9   0  30   0   0  96   4  77  32  68   6  12   0  51   3   0   0   0  71  72  57  10   6   0   0   0   0   0   0  47  68   0   0  59   0  83  85   0   0  34  73   0  42   0  56  93   0   0  13  38  17   0   0  90   0  61   0   0  19   0  18  80   0   0  75  53   0   0   0 
 57  48   0  83   0  40   0  59  81  50   0  71   0   0  70   9   0  90   0  87   0   0  49   0  95   0   0   4   0  89   0   0   0   0   0  69  18   0  98   0   0   0  17   0   0  75   0   0   0   0  23  44   0  86   0   0  19   0  41   0  11  77  12   0  28  99  39   0   0   0   0   0   0   0  42  86   0   0  38   0  28   0   0   0   0   0  45  28   0   8  36  35  15  16   0   0 
 12  15   0  61   0   8  75   0   4  31   0   0  38   0   0  33  16   0  67  34   0   0  40  40  86   0  83  68   0   0   0  66   3   0   0   0  10  20   0  11   0   0   0   0  11   9   6   0  96   0   0  60  22   0  53   0  28  29   0  66  55   0   0   0   0  49   0  43  21  96   0  29  38   0   0  13   0   6   6   0   0   0   2  64  64  57   0   0  92  29  26  61  54   0  36 
  0  93   0   0   0  31   0  31   0  64   0   0   0   0   0   0  65  27   0   0  66  74   0   0   0  33   3  40   0   0  97  10  90  24   0  10  46  60   0  16   4  58   0   0  16  12   0  37   4  36  31   0   0   0  14   0   0   0  48   0  12   0  60   0   0   0   0   0   0  21  96   5  58  48   0   0   0   0  23  84   0   3   0   0   0   0   0   0  91  72   0  39   0  51 
  0   0  73   0   0   0  29   0   0   0   0  25   1   0   0  85  14   0   5  13  95  70   0  25  53  82  24   0  91  89  86   0  38   0   8   3   0   0   0  71   0  74  72   0   0   0   0   5   0  61   0   0  36  64   0  91  51   0   0  82   0  11   0  48  21  95  42   0  57  52   0  34   0  26   0   0  78  74  54   0  41  53   0  85   0  92   0  16  36   0   0  72   0 
 35   0   0  33  49   0   0   0   0  44  48   0  69  15   0   0   0  14   0   0   0  64  71  41  52  15  75  97   0  33  36   0   0  51  53  43   0  58   0  43   0   0  33  56   0   0   0   0   0   0  75  15  78  68  60   0  45   0   0   0   0  20   0  89  55  74  29   0   0  83  68   0   0   0   0  76   0  26  19   0  65   0 100   0   0  55  96  98   2   0  17   2 
 88  46  71  44  49   0  77   0  69  97   0   0  26  74  64  19   0   0  80   0  73   0   0  20 100   0  66   0   0   0  95   0   0   0   0   0  42  34  88   0  12  58  68   0  88   0  75   0  75  78  33  21  53  84   0   0   3  88  86   0   9   0  75   0   0  84   0   0  61  99   0   0   0   0  70   0  39   0   0  92   0   0   0  84   7   0   0   0   0   0  45 
 24  36  60   0   0   0   0   0  95   0   0  78   0  15   0  15   0   0   0   0   0   0  40  46   0   0   1  60   0  74   0   0   0   0   0  19   0  45   0   0   0   0  82   0   0  66   6  42   0  39  40  19  90  62  39   0   0  18  41   0   0   0   0   0   0  82   0   0  32   0   0   0  12   0   0   0   0   3  62  55   0   0   0  30  48   0   0  63  70   0 
 95   0   0  49   0   0   0  88  13  89   0  28  95   3   0  63  70   0  28  16  41   0  73   9   0  13   6   0  85  21   0   0   0   0   0  56   0  40   0   0   0  44  35   0   0   0  78   0   0   0  79   0   4  38   0  76   4   6  78   0   0  45   0  18   0   0   0  87  45   0   8   0   0  46   0  14   0   0   0   0  27   0  17  22   0   0   0  80   0 
 97  95   6  71   0   5   7   0  80   0   0  66  47   0   0   0  82   0  18   0   0   0   0  34   0  28   0   0  15  92  91  93   0   0   0   8   0   0   0  64   0   0   0  47 100   0  71   0  58  60  71  11   0   0  66  16  43   0   0   0  28 100   0  17  32   0  63  71  19   0   0  56  92  70   0   0   0  88   0   0  45   0   0   0  13  14   0  63 
  0   0  44  95   0  19   0   0   0  70  90   0  95  89  20  74   0  19  76   0  84   0   0   0   0  60  84   0   0   0   9   0   0  76   0  58  45   0  18  20   0  47   0   9   0   0  15  65  50   0  56  57   0  58   0   0   0  58  52  89   0  59  81  74   0  31  45  91  52  82  96   0   0  86  17   0   0   0  29   0   0   0   3  41  72  60   0 
 48   0  42  41   0  18   0  40  89   0   0   0  44  98   0   0   0   0   0  39  56  63   0  58   0  52   0   0   0  46  56   0   0   4   0  90   0   0   0  15  85  88  35  30  91  38  78   0   0  31   0  54  12  77   0  77   0   0   0   0  11   0   0   0   0  38   0   0  93  66  54   0   0   0  61  75   0   0  11   0   0  11   0  68   0   4 
  0   0   0   0   0  89   0   0  93  75   0  57  80  14  34  35   0  86   0  18  79  76  54   0  65   5   0   0  19   0  39  84  64  61   0   0  79   0  27  65   0  36  37   0   0  44   0  70   0   0  30  57  11  96   0   0   0  34  52   0   0  12  22   0   0   0   0  63   1   0  21   5   0   0  50   0  80   0   0 100  94   0  15   0   0 
  3  51  27  67  95   0  35   0   0   0  68   0  65  85  36  24   0  93   0   0  16   0  38   0  71   0   0   0   0  84  91   0   0   0  76  93   0  95   0   0  57  34  20  53   0   0  58   0   0   0   0   0   0  58  96   0   0   0  32  67   0   0   0   0   0  88  42   0   0   0  58   0   0   0   0  90   0   0   0   0  39   0  11  17 
 20   0  67   0  76  97   0  19  18  26   0  58  46  53   2   4  12   0   0   0   0   0   0  27   0   0  67  75  49  27   0  46   0  39  13   0   0   0   1   0  39   0   0   1   0  22  40  73   0  17   0  72   0  68  43   0   0   0  69   0  99   0   0   0  14  98   0   0  19  58   0  49   0  75  84  36   0   0  19   0  32  30   0 
  0  14  52   1  22  99  31  40  72  57   0   0   0   0  33  27   0   0  19  58   0   0   0   0  80   0   0  68   0  87   0  36   0   0  19   0  82  49 100   4   0   9   4   0   0   0  68   0  63  32  39   0  11   0  18  84   0   0  33   0   0   0   0   0  93   0   0   0   0   0  86   0  50   0   3  22  38   0  70   0  66  95 
 60  24   0   0  82  43   0   0   0  75  80  81  53   0  70  82  30  57   2   0   0   0  40  92   0   0   0   0   0  53   0  13  76   0   0   4  32   0  75  83  55  65  33  49  92   0   0   0   0  87  87  85  43   9  47  80   0   0   0   0   0   0  65  97   0   0  76  55  29  27   0  76  82  67   0  90   0   3  66   0   0 
  0  25  82  12   5   0   0   0  51   0   0  90   0   0  67  18   0  16  26   2   0   0   0   0   0   0   4  72   0   0  93   0   4  72   7  14   0  91   0   0   0   0   0  61   2  81   0  76  25   0  26   0  97   0   0  49  95   6  22   0   0   0  32   0  50   0   0  56   4  35  13   6   0  24   0   0  62   0  78  41 
  0   0   0  78  99  90   0   7  62  84   0   0   0  59   0  38  92   0   0   0   0  62   0  91  11  55  62   0   0   0  88   0   0  74   0  78  64   0  68  84  87   0   0   0  22   0   0 100   0   0   7  25  43  26   6  49   0   2   0   0   3  37   0   0   0  17  22   0  24   0   0  73   0   0   0   0  19   0   0 
  0  44   0  37   0  20   8   0   0   0  21  30  23   0   0   0   0   0  70  27   0   0   0   0   0  63  20  79  16   2  49  71   1  73   0   0  42   0   0   0  49   0   0  66   0   0  18  61  87   0  12   0   0  27   0  98   0   0  69   0  90  10  20  96  75  49   0  31   0  16  27   0  51  16  71   0   0   0 
 75  61   0  93  32   7   0  82   0  17   0   0  93  20   0   0   0   0   0   0   0   0   0   0   0   1  90  51  53   0  40   0  66  61  11   0  72   0  25 100   0  14   0  31   0   0   0   0   0  57  93  46   0 100   0  69   0   0  97   0 100   2   3  51   0   0   0  49   0   0  25  91  94   0  74  87   0 
 20  28   0   0   0   0  90   0  14   0   0   0   0   0  72  30   0  90  67   0  50   0  20   0   0   0   0   6  61  85  77   0   0  35   0  23   0  36   0  21  80  40   8   0   0   0  98  83   0   0   0  84  39   0   0   0  45  84   0  18  98  87   0  36   2  35  94   0   7  24   7  13   0  11  44  18 
  0  52   0   0  73   0   0   0  51  98   0   0  58  94   0  87  83  70   0  22   0  42   0   0  36  82  85  16  53   0  15  40   0  58   4   0   0   0  16  44   0  84  96   0  15  55  29  56  20  48   0  44  15   0  30  34  75   0  80  90   0  33   0   0  52   0  40   0   0   0   0   0  21   0   0 
 43   0   0   0  88  64  96  16   0   0  32  17  23  54   0  81  17  28   0   0   0  49  60  43   0   0  68   0   0  67   0  68   0   0  15  59   0  41   0   0  40   0   0  98   0   0   1  89  81  96   0  35   0  70   0   0  31   0  52  83  20   0  11  86   0  99   0  86   0  72  13   0   6   0 
 62  66   0   0  24   0   6   0   9   0  48  11   0   3   0  85  97  12  71   0   0  79   1  39   0  91   0  69  28   0  37   0   0  95  28   0   0   0   0  62  94   0  18  73  14  77   0   0  88  40  31   0   0   0   0   0  46  55  34   0  43  19  26   0  86  29  93   0   1  47   0  51   0 
  0   0  66   0   0  95   0  12  14  89  13  25   0  22   0   0   0   4   0   0  23   0   8   0   8  38   0   0   0  74   0  54   0  30   0   0   0   0   0  17  35  74   0  79   0   0  61   0  64  73   0  90  72   0   0  32   0   0  86  18   0   0   0   0   0   0  85  48   0  47  92  72 
 77  77   7   0  99  27  75  95   0  63   0   0   0  44   1   0  73  28   0  23  84   0  64 100   0   0   0  38   0  77   0   9   0   0   0  39   0  65   6   0   0  11  70   0  24   0  34   0   0   0   0   4   0  93   0   0   0   0  36  85  81   0   0   0   0   0   1   0   0  80  70 
  0  51  57   0  68   0   0   0  31  59  45   0  10  98   0   2  79   0   0  52  52   0   0  21  47  85  12  44  75  34   0   0  15   0   0   0   0  40   0   0  39   0   0   0  36  90  58   0   0  85   0   0  10   0   0  60   0  91   0   0  47  34   0  87  17   0   0   0   0   0 
  0   0   0  39  44   0   0   0  21   0   0   0   0   0  58   0  98   0   0   0  11  24   0   0   0   0  77   0  25   0  45  19   0   2  82  31  19   0   0  14  62  51  71  18  36   0  15  46   0  29  25  31   0  50   1   0   0   0   0   0   0  86   0   6  15  99   8   6   0 
  0   8  62  71  64  76   0  87  61  75  39  35  80   0  69  10   0  44   0   0  49  11  78  57   0   0   0  18  18  16   7   0  88   0  45   0  42  98  61  29  11   0  23  73  78   0  85   0  69  87   0  54  17   0  16   0   0   0  58   0   0  91   0  56   0  52  88   0 
  0  59  58   0   0   0   0   0  47   0   0   0  51   0   0  41  62  41   0  49  78   0  40  75   0   0  75  34   0   0   0  92   0   0   0  85  85   0   0  55  36  93   0  26   0  16  25  35  17   0  36  92   0  19   0   0  20   0   0   0   0   0   0   0   0  67   0 
  0   0  46  66  98  83  27   0   0   0   0   0   0   0  68   0  70  65   0  65   0   0  59  15   0  20  63   0  70  67   0   0  41  85  21  80   0   0   1   4   0   0   0   0   0   0   0  64   0   0   0   0   0   5   0  25   0   0   0   0   0   0   0  41   0  95 
 48  30   0  92  98  19   0   0   0   0   0  94   0  83  55  22   0   9   0   0   0   0   0  71   0  70   0   0   0   0   0   0   0  77   0   0   0  57   0   0  76  94   0   0  18   0  70  18   0  88  41   0   0   0  82  13   0   0  28  61  86  64  58   0   0 
 85  55  35  62  56  95   0  49   0  57  42   0   0   0   0  60  13  32  32  86  31  41  53  10   0  62  48   0   0   0   0   0  25   0  92  59   5   0   0  71   0  42  85  97   0  15  53   0   0   0   0   0   0   3   0  84   1  78   0  59   0  51   0   0 
 99  78   0   0  27   0   0  43   0   0  47   0   0  86  41   0  86   0  18  87  27   0  51   0   7  17   0   0  97   0   0   0   1  50  12  88   0   5   0   0   0   6   0   0  49  88   0  51   0  62   0  89  16  86   0  31  75  35   0   0   0  71  75 
 42   0   0  51   0  76   0   0  32  21   0  93   2   0   0   0   0   0   0   0  16   3   6   0  79  94   0   5  14   0   7   0   0  38   0   0   0  86  17   0   0   0  92   0  70   0   0  58  58  17   0   0   0  38   7  21  37  71  55   0  57   3 
 67   0  44   0   0   0  66   0   0  56  82  24   0  76   0   0   0   0   0  47  46   0  52   0  33   0  21  57   0  39  61   0  49  29   0  42  70  71   0  15  46  63  17  94  73   0   0  57   0  31   0  16  88   0   0  12   0  23   0  89  75 
  0   0   7  48  65   0  91   0  89   0  25   0  22   0   0   0  88   0  70  73   0  55  24   0   0   0   0  36  17   1  92  58   0   0   0   0  87   0  42   0  25  10   0  70  83  80   4   0   0  86   0   0   0   0   0   0   0   0  87   0 
  0   0   0   4  68  32  76   0  60  78  37   0   0   0   0   0   0  68  54   0   0   0  53   5   0  42   2   0  52   0   0  12   0   0   0  35   0   0   0  18   0  49   0   0  94   0  13   0  73   0 100   0   0  78   0  93  57   0  14 
  0  51  32  46  15  14  72   0   0  72   0  29   0   0   0  27   0  97  88   0  78   5   0   0  99  33   0  85  97  14   0   0   0   5  59  39   0   0  73  85  64   0   0   0   0   0  40   0   0   0  48   0   0   0   0  69   0  77 
  0  58   0  66  78   0   0  15   0   0   0  71  30   0  24  92   0  37   0   0   0   0  55  13   0   0   0  97   0   0  66  11  78   0   5  46   0  90   3  26   0   0   0   0  16   0  37   0  18   0  17   0   0   0   2   0   0 
  0   0   0  95  53   0  38   0  12   0  15  20   0   9  17   0  98  29  95  11  88   0  34  74   0   0   0  55  95  59  52  91  45   0   0   0   0  66  88  32  47   0   0   0   0  64   0  69  90   0   0  24   4   0  94   0 
  0   0   0   0   0   0   0   4   0  57  49   0  35  40   5   0  41  97  66   0   0  15   0   0   0   0  14  52   0   2   7  79  45  46  41  28  45   0   0  69  56  36  20  46   0   0   0   0  60   8   0  19   0  96   0 
  0   0   0   0   5  79  39   0  95   0  57   0   0   0   0  58   0  33  61   0  91  33  68   0  60   0   0   0  74   3   0  73  25   0   0   0   0  47  18   0  55  47   0  33  90   1  94  85   0   0  46  96   0   0 
 31   0   0   0   0  24   0   0  69   0   0   0   0   0   0  27  32  68  51  20  53   0  72   0  28   0  87   0   0   0   0   2  94  83   0  61  66  22  43  86   0   0   0   0   0  52   0  63   0  70  75   0   0 
 23   0  43  74   0  91  18   0  11   0  51  23  59  26   0   0   0  76   4   0   0   0  31  31   0   0   0   0   0   0   9   0  40   0  53   0   0   0   0  20   0   8   0   0  83   0   0   0  90  22  14   0 
  0  56   0   0  72   0   0   0   0   0  44   0  36   0  23   0   0   0  78   0   0   0   0  26   0  75   0   0  88  69   0   0   0   0   0   0   0   0   0  56  23   0  26  82  87  45   0   0   0  30  66 
  0  53  60   2   0  66  91   0   0   0   0  36   0   0  32  89  98  58   0   0   9   0  98   0   0   0  20   0  21   0   3   0   0  98   0  96   0   0   0  30  98   0  74   0   0  72  32  97   0   0 
 85   0   0 100  72   0   0   0   0   0   0  17  95  25  27   0  99  40  88   4  23   0  24   0   0  60  47   0  43  63  17   0  20  31   0   0   0   0  12   0   0   0  54  84  83   0   0  68   0 
  0  56  32   0  19  23  35   0  85  59  39 100  87  73  26   0  63   0   0  16  51  91  83  94  89  63   0   0   0   0  17   0   4   0   0  40   0   0  88   0   5   0   0   0   0  55   0   0 
  0   0   6   0   0   0   0  84  44   0  75  39   0  24   0  92   0  40  89  50  77  48   0  65   0   2   0  63  53  76   0  54   0   0   0   0  37  10   0  21  41   0  35  42  37   0   0 
 35   0   0  67   0  38  90  86  27   0  45  52  59  82  94  31  90   0   0   0  82  90   0  68  51   0  70   0  86  13   0  92   0  15   0   2  30   0  37  43   0   0   0   0   0   0 
 61   0  35   0   0  72   2  86   0  39  87   0   0   0  43   0   0   0   0   0  62   0  21   8  40   0  16   0  53   0  39   0  33  89   0   0  98  33   0  98  41   0  74   0   0 
  0   0   0   0   0   0   0  59   0  36  73   0  58   0   0  91  92   0   0   0   0  45   0   0   0  59   0  42   0   0   0   0   0  32  32  12   0   0   0  18  77   0  69  86 
  7  59  88   6   0  24  66  49   7   0  20   0  80   0   0   0   0  12  36   0   0  14  68   0  55  14   0  86   3   0   0   0  48  16   0   0  68  69   0   0   0  71   0 
 79   0   0   7   0   0   0   0  55  27   0   0   0   0   0  35   0   0  14   0   0   0  65  31   0   4  11   0  87   0   0  39   1   0   0  59   0   0  41  61   0  24 
 19   0  62   0  91  55   0   0   0   0  51  10   2  89  21   0   0  25  85  71  79  63  90  66  97   0  64  76   0   0  24   0   0   0  71   0  98   0   2   0  48 
  0   0  40  52  89   0   0  24   0   0  66  99   0  72   0   0  14  56  88  67   0  62   0   0  99   0  52   0  59   0  56   0   0  99  65   0  65   3  77  60 
  0   0  21   0  19   0   0  13   0  95  61   0  49  20  25   7   0   0  78  10  51   0  81  48  44   0   0  55   0   0   0   0  16   0   0   0   0  86  13 
 91  14   0   0   0   3  94   0   0   4   0  35  47   0  34   0  78   0  38  84   0   0  20  11  71  70  16  60  15   0  71  51  95  45   0   0  63   0 
 88  60   0   0   0   0  68  25   0   0  82   0  81  66  77  62   0  79   0  45   0   0  56  56  73  25   0  39   1  18   0   0   0  17   0  62  28 
  0  96  17  77   0   0  81   0  44   0  80   0   0  58  40  92  76   0   0   0   0  62  72   0  99  63   0  27  89  85   0   0   0   0  15   0 
  0  88  36   0   5  46   0  82   0   0  93   0   0   0  57   0   0   0  16   0  90   0  30  62  54   0   0  47   0   0  55   0   0  29   0 
 82   0  52  92   0  89   0   0  14   0  21   0   0  38   0   5   0  64  51   0  37   0  31   0   0  96  40   0  29  35   0  49  22  93 
  1   0   0   0  81   0  24   0   0  63  77   0  96   9   0   0  22  56   0   1   0  81  47  14  90  68   0   0   1  23   0  17  69 
  0   7   0  58  55  37   0   0   6  84   0  71   0   0   0  52   0   0   0   0  28  30  13   0   0  80   0   0   0   3   0  42 
  3  46  76  47  11  16   0  77   0  19   0   0  88  50   0  64  59   0 100  11  22   0  12   0  98   0  73  22   0   0   0 
  0   0  38  99   0   0   0   0   0   0   0  63   4   0   0  25   0   0   0   1  60   0   0  43  80   0   0   1   0  31 
 61   0  19   0   0  47   0   0   0   0   0  54   0   0  40   0  92   0  67  66  69   0   0   0   0   0   0  78  63 
 14  26  69  26  31   0   0  77   0   0   0   0   0  69  76  69 100  63   0   0  42   0  40   0   0   0   4   0 
  0   0  48  49  63  75   0  23   0  34  75   0  99  20  11  85  22  63   0  37   0  90  40   0  14   0  59 
  0  54  22   0  54   0   0  95   0  18  76   0  59   0   0   0 100  22   0   0  40   0  95  91   0   0 
  0  57  58  67  23  95  71  10   0   0   0  49   0  39   7  58  11   0   0  34   0   0   0   0   0 
  0  34  12   0   0   0  35   5  71  27  64   0   0   2  95  59   0  59  69   7   0   0  66  69 
 18   0   0   0  69  67  35   0   0  47   0   0   0  47   0  56  94  54   7  92   0   0   0 
  0   0   0  37   0   1   7   0   0  71  31   0  12   0  37  89   0  63  12  51  22  45 
  1   0  64   0  67   0   0  21   0   2  32   0  33   0   0  77   0   0  72   0  57 
 96   0   0  20  99   3  17   0  80   0  35   0   0   0  47  15   0  53  76  76 
100   0  30  25   0  31  84  72  40   0  32  51  19   0   0  62  70  23  95 
  0   0   0   0  34   0   0   0  52  68   0   0  67   0   0   0   0  19 
 41   0   0   0  76  55  18   0  21  55  26   0   0   0   0   0  49 
  0  65  49   0   0  11   0  25  16   0  71   0   0   0   0   0 
 15   0   0   0   1  38  50   0   0   0   0   0  32   0  95 
 92  43  31   0   0  19   0   0   0   0  59   0  64  25 
  0  15  23  33   0   0  54   0   0   0   0  83  85 
  0   0  26  21  67   0   0   0   0   0   0  16 
  0   0   0   0  64  72  63   5   0  66   0 
 72  84  94  64   0   0   0   0   7  25 
  0   0   0  36   0  17   0   0   3 
  0   0   0  33   0  74   0   0 
 79  12   0   0   0  45   0 
 22  50  72  36  54   0 
 56   0  41   0  42 
  0   5  63   0 
  0  98   0 
  0   0 
 91 

0
1041
 46  13  25  29  21   5  11  15  26  48  15  48  50  11   4  38  24  46  35  14  50   8  27  27  28  18  34  36  24   7  17  15  34  46  49  10   5  44   4  43  34   5   6  46  41  23   7  22  36  33  37   2  44   3  11  33  37   1  45  46  45   6  14  25  29  14  14  24  11  45  32  34  15  28  21  29  45  22  13   5  11  33  24  14   6  11  17  33  48  27   9  38   1  42   5  23  28  50  17  33 

Comments

Density             : 50.00 %

