r_100_50_7
100
  0   8   0  33  23   0  17  33  22  91   0   0  70   0   0  52  57  84  84  59  88  38   0  42  24   0   0   0   0  27  31  67   0  46   0   0   0  33  66   0  28   0  76   0  94  77  85   0   0  71  34   0  33  34  99  16   0   0  57   0  81   0   0  32   8  73   0  88  87  91  44   0  81   0  73  23   0   0   0 100   0  46   0   0  90  80   0  94  44   0  95   3  34   0  91  37   0  30  32  28 
 31   0   0  98  71   6  74   0   0   0   0   0  13   0  29  83   0  41   0   0  50  69   0   0   7   0  39   0   0  19   0   0   0   0   0   0   0  81   0   0  61   0   0   0   0   8   0   0   5  32   0   0   0   0   0   0   0   2  10   0  10   0   0  59   0   0  88   0  12   0  70   0   0   0  38   0   0  89  45  85   0   2   0   0  74  68  88  90  22   0   0   0  23 100   0  97   0   0   0 
  0  29   0   0  50  28   0  29   0   0   0   0   0   0  38  58  79   0  88  38   6  50   0   0  58  93  78  69  68   0 100  94   0  83   4  81  16   0   0  47   0  35   0  56   7   0  28   0   0   0   0   0  27  88  78   9   0 100  49   0  81  97   0  70  12  21   0 100   0   0   0   0  72   0   0  62   0  93  37  17   0   0   0  17   7   0   2  59   0  58  25   0  45   0  72   0   0  29 
  0  21   0   0  29   0   0   0  93   1 100  91   0   0   0   0  45   0  82  26  90  78  74  27  25  47  40   0  38   0   4  15  58   0   5  20  62  18  19  44   0  56   0   0   0  86   0   8   6  91   0  86   0   9   9   0  73   0  27   0   0   0  60  50   4   0 100   0 100   0  35  31  44   0   0   0  51   0  31   0   0  17  21  44  66   0  57  30  28   0  22  56   0  63   0   0  68 
 70  16  10  23  17  52  54   0  80   0  52   0   0   0   0   0   0  36   0  87   0  54  83   0   0  65  62   1  31   0   0   2  20   0   5  64   0   0   0   0  50   0  39   0   1  88   0  58   0  49   7  83   0  18   0   0   0  69  17   0  90   0  63  89  46   0   0   0   0  31   0  74  48   0   0  69   0  86   0  53  86   0   0  77   0  45  48  14  82   0   0   0  37  39  26  86 
  0   1   0   0  34  30   0   0   0   0   0  94  19   0   0  93  64  69  86   0  28   7  92   0   0  39  21   0  36  66   7   0   0   0   0  17   3   0  31  48  56  95   0   0  77   0   0   0  54   0  74  29  75  38   0   0  85   0   0   0  63   3  22  50  25  72   0  31  56   0  74  49  82   0   0   0  44   0  31  12  33   0   0  12   4  86  66   0   0  29   0  79  59  13   0 
  0   0   0  48   0  47   0  31   0  44   0  89   0   0  46  83  50   0  15   0   0  15   0   0  47   0  74   0  20  45  76   0   9  24  77  96   0  85   0   0  26   0   0   0  32  75   0   0   0   0   5   7  69   5   0   0   0   0  28  42   0   0   7  73   0  13  66  50   0   0  14   2  77  54   0  28   0   0   0   0   0  87   0   0  21   0   0   0  71  50   0  72   0  68 
 27   0  55  66   5  30   0   0   0  66   0   0  32   0   0   0  28   0   0  25   0   0  27   0   0   0   0  91  46  47   0  26   0   0  22  13   0  10  37  94  95   0   0  67   9  36   0  58  28   0  57   0   0  90   0  77   0  68   0  35   0  21  43  33   0  15  85   0  84   0  29   0  51  36  10  84  32   0  36  19   0  89  60   0   0   0  59   0   3   0   1   0  39 
  0   0   0   0   0   0  80  78  59  78   0  46   0  35  10   0   0   0  29  64  12   0  75   0   0  56  68   6   0  94   0   0   0  75   0  83  34   0   0   0  71   0  84  98  27   0   0  67  18  54   0  43  19   0   0  49  75   0  47  62  72  40  31   0  26   0   0  72  17  10   0  10   0  67  90  82  14   0  25  26  26   0   0   0   0   0  18   0   0   0   0  49 
 89  66   0  50   0   0  63   2   0   0  68   0   0  39   0   0  62   7  25   0   7   0   0   0  23  79   0   0  21   0  44   0   0   0   0   8  88  56  43   0   0  57   0   0  31  60   0  42  87  41   0   0  24   0  57   0   2  32  47  56  28  24   0   0  32  74  65  69   0  19  64  97   0   0  88   0  96   0  40   0  12   0   0   0 100   0  19   0  91  75   0 
 24  63  99   0   0  28  94   0   0   0   0   0   0   0   0   0  91   0   0   0  56   0  56 100   0  52  11   0   9   0  29  60   0   0   0   0   0   0   0  12   0   0  16   0   0   0  80  10   0   0   0  37   0  52   0   0  13   0   0  54  18  45   0   0  96   0   0  24  60   0   0  17   0   0   0  82  96   0   0  85   0   0   0  35   0   0   0   4  16   0 
  0   0  69  98   0  12   0  87   0  95   0   0   0  82  27   0  77  32  24  72  40   0  67  53   0   0   0  22  97  40   2  81   8   0   0   0   0  34  85  47   0   0   0  71  34  77  99  26  11  33   0  50   0   0   0   0   0   0  66   0  75   0  22   0  47   0  43   0  94   0  91   0   3  64   0   0  80   0  88   0   0  49   0   0  33  74   0   0   0 
 39  22   0   0   0   0  50   0   0   0   0   0   0   0   0   0  84   0  20  31   0   0   0  66   0  64   0  96   0  30   0   0  18  36   0   0   0   0   0   0   0   0  98   0   0  71   0   0  43  97   3  35  71   0  43  55   0   0  81  49   0  12  42   0   0  46  30   0   0  34   0   0   0   0  49   0   0  78   0   0   0   0   0   0  37   0   0  64 
  0   0  88   0  95   0   0   0  70   0   0  48   0  90  12   0   8  55  51  35  42   0  67   0   0   0  98   0   0   0  19   0   0   0   0  92  98   0  56   0  58  67   0  21  49   0   1   0   0   0   0   0  61  65   0   0   2  15  30   0   0   0   0  91  85  86   0   0   0  32  16   0   0   7   0   0   0   0  64  22  90  96   0   0  32   3  74 
  0   6   0   0   0  49   9   0   0  24   0   0  68  52  32   0   0  88  85   0   0   0  78   0   0  41  22   0  81   0  55  61   0   0  68   0   0   0   0  62  46  58  89   0   0   0   0   0  33   0   0   0   0   0  93   0   0  35   0   0  98  48   0   0  85  76   1  92  36  51   0   0   0  79  29  75   0   0   0   0   0  39   0  62  79   0 
  0  41   0   0   0   0   0   0   0  17   0  27  10  26   0   0  22  72   5  71  71   0   0  50  92  47   0  86  97  51   0  31   0   0   0  77   0  16  53   0  60   0  82   0  31   0   0   0  38  70  33   4  27   0   0   0  45  83   0   0  16  16   0   0   4  97   0   0  15   0  68   0  95  83  19   0  10  40  78   0  71   0  67   0  75 
  0   0  28   0  96  39   3   0  25  18  43   0   0  67  19   0  10   0   0  64  91   0  92   0  77  29  43   0  93   0  48   0   0  64   0  10   0   0   0   0  99   0   3  52  89   0   0  27   0  24   0   0   0  19   0  86   0  35   0   0   8   0   0   8  17  85  17  91   0  89   0   7   0   0   0   0  93   0  42   0  50  91  44   0 
  0   0   0   0   0  87   0   0  90   0  84   0   8   0  56  32  27  67   0  83  56  16  10  35   0   0   1   0   0   0  50   0  77   0   3  48  51  74   0   8   0  70  14   0   0   0   0   0   0  46   0   4   0   0  74  94   0  51  57   0  26  88   0   0   0  71   0  23   1   0   0  16   0   0   0   0   0  31  61  81   0  97  85 
 22   0  82   0  52   0   6  48  44   0  85   0   0  58  54   0  55   0   0   0  34  10   2   0  69   0   0  44  65   7  33   0   0  92   0   0   0   0   0   0   0   0  49   0  11   0   0  70  18   0  20   0  33  72  43  98  53 100   0   0   0   0  70   0  97  76   0   0   0   0   0   0   0  50   0   0  61  90  59  14   0  16 
  0  24   0   0  87   0   0   0   0  97   4  15   0   0  30   0  99   0   9  24   0   0   0   0  15  86  12   0  47   0   3  96   0  65   0   0  80  83   0  49  56  55   0   0  81   0  79   0  39   0   0  25  47   0   0   0   0  85   0  27   3   0   0   0  30  53  18   0   0  90   0  98  89  78   0  31   0   0   0  25  62 
 62  36   0  42  52   2  81  88   0   0  27   0  56   0  39  66  36   0   0   0  31  62   0  52  29   3  46  80  32   0   0   0  36   7  67   0  93   0   0   3   0  62   0   0   0  28   0   4   0   0  10  85   0  66   0  59   0   0   0   0  62   0  67  88   0  27  65  40  78   0  60   0  86  15  66   0   0   0   0  48 
 47   0  96   0  12  68  76   0  17   0   0   0  68   0  10  64  58   0   0   0   0  16   0  17   0   0  25  59   0   0  20   0  48  69   0  98  38   0   0  81  42  17  64  17  78  84   0   0  14   0   0   0   0   0   0   0   0  28   0 100  93  78  35  41   0  78   0   0   0   4  59   0  58   0   0   8  80   0   0 
 96  23   0  82  49   0   1   0   0  63  80  33  21   0   0   0   0  30   0  99   0   0  98   0  69   8   0  72   0   0   0  64   0   1   0  51   0  31   0   0  43  77   0  94   0   0   0   0  14  93  78   0  34  74  19   0   0  83   0   0   0  94  17  85  60   0  80  16  26  34   0  90  62   0  36   0   0   0 
  0   0  98   0  34   0   0   0  33   3  43   0  64   0  63  57  24   0   0   0   0  23   0  16   0  51  70  43   0   2  44   0   0   0  49  17   2  28  41   2  98  32  40   0  63 100   0   0  31   0  13   0  97  85   0  40   0   0  46   0  92   5  79   0   0  21  69  42  93  46  53  63  50  74   6   0  84 
 32  66   5   0  57  24   0  64   0   0   0   4  81  28  80   0   0  45  88  77  36  88 100   0   0   0  93  14   0   0   0   0   0   0  27  76   0  76   0   0   0  37  91   0   0   0  87  32  11   0  32   5  12  44  59  87   0  54   0  53  80  87   0  40   0  59   0   8   0   0  73   0   2   0  39   0 
  0  57   0  47   0  22  25   0  51  50  87   0   0  51   0  30  68   0  98   0  79   0  54  31  59   0   0   0   0   0  75  83   0  91   0  35   0  86  47   0  51   0   0   0  43  44  21   0   0  78   0  29   0   0  92  56   0   0  42  44   0   8  98  53   0   0   0   0  52  85  72   0  20   0  16 
  6   0   7   0   0  64   0  50  17   0   0   0   0   0  50  32   0  80  31   0  12   0  86   7  96   0  40   0   0  41  74   0   2  74  20  45  62   0   5   0   0  24  59  18  18   0   0  29   0  28  90  59   0  48  46  64   0  35   0  82   0  68  78   0  18   0   5   0   0  67  88  70  96   0 
 37  78  59   0  61   0   9  74  96  78  39  95   0   0   0   0  35   0   0  25   6   0  92   0   0   0   0   0   0   0  24  77   0   0   0  60  74  73   0  86  31  80   0  48  29   0  87  98  72   0   0   0  82  40   3   0  83  80  15  46   0  40   0   0  24   0   0  23  34   3   3   0   0 
  0  39  17   0  19   0  65   0   0  98  96  49   0  64   0   0   0  28   0  98  11   0  35   6   0   0   0  69  30   0   0  61  19   0  52   8  53  93   0   0   0  69  78   0  54  90  17  93   0  40   0   0   0  48   0  24  23   0  67   0  20  70   0  50  32  29   3  12   0  25   0   0 
  0  28  45  65   0   0   0  79   0  24   0  72  83  89  71   0  98   4   5  21  53   0   5   0  32   0   1   0  23  63  83  84   0   0  20   0  64   0   0  18   0  45  45   7   0  52   0   0   0  49  83  91   0   0   0   0   0  15   0   0  39  41  28   0   0  12  74  40   3   0   0 
  0   0   0   0  74   0   0  43   0  56   4  38  79  79  34  30   0   9  75   0   0  18   0   0  42  42  39  86  36  59  43   0  92 100  70   0   0   4   0   0   0  62  15  91   0  84  20   0   0  65   0  74   0   0   0   0  74   0   0   0  14   0  71   0  14   0  54  34   0   0 
 74   0   0  65   0   0   0  59   0   0  73  11   1  11  71  38   0   0  14   0   0  98 100  94  20  94   0  59   0   0  21  47  21   0  71   2   0   0  49   4   0   0  89   0   0  95   0  19  21   0   0   0  82   0   0  63   0   0   0  29   0   0   0  63   0   0  27  50  65 
 20   0   0   4  53   0  82   0  48   0   0   5  70  88   0   0   0   2   0   0   0   0   0   0   0  34   0  68   0   0   0   0   0  44  50   0   0   0   0  54   0  75  54   0  33   0   0  30  52   0  14 100   0   0   0   0  68  27   0   0   0  40  42   0   0   0  43   1 
  0   0   0   0  67   0  77  41   0   0  89   0   0   0   0   0   5   0  31  64  39  28   0  77   0   0  70  90   0  83  82  72   0  34  50  70  56  41  52   0   0   2  55  55  36   0  84  34  98   0   0   0   0  47   0   1   0  15   0   0  13  91  52   0  94  21   0 
  0   0   0   0  80   0   0   0  56   0  15  77   0  56  72   0  45   0  40   9   0  96   0  25   0  54   0  83  87  43   0  60   0  14   0  99   0   0  48   0  96  92  30   0  28   0   0   0   0  79   0  73   0   0   0   0  99  18  18  95   0   0  49   0  22  29 
  0  59  95  20   0  44   0  43  88  23  81  53   0   0   0   1   0   0   0  21   0   0  10   0  30   0   0   0   0   0   0   8  76   0   0   0  54   0   0   0   0  70  57   0   0   0   0   0   0   0  65   0  22  43   0   0  88  74   0   0  72  23   0   0  74 
 58   0   0  54   0   5  78   0  62   0   0  99  29  76  34  62   0  17   0   0   0   0   0   0   0   0  66   0   0  25  24  73  10   0  65  85   0   0   0  25   0  61  83  64   0  84  40  79  72  41   0   0   0  86  85   0   0  65  94   1   1  66   0   0 
  0   0   6  35   0  43   0  77  38   0  23   0   0   0   0   0   0  19   9   0   0  81   0  29   0   0   8   0  44   0  99  61   0   0   0   0 100  88  66  83   0  67   0   0   0   0   0   0  77   0  50  28  50  64   0   0   0   0   0   0  15  10   0 
  2   0  60  71   0   0   0   0   0  94   0  72  92   0  23   0  96  39   0   0   0   0   0   0   0  88  92   0   0   0  35   0  91   0  69  55   3   0  46   0  13  58 100   0   0  62  89  66  85   0   0   0   0   0  88  22   0   0   0   0   0  50 
  0  36  87  57   0   0   0   0   0  27   0   0  82   0  61  86   0   0  12   0   0   0   0  19  87   0   0  95   0  77   0   0   0   0   0   9   0  65   0   0   0   0  81  79  70   0  25   0  24   0  46  76  28  70  31  78  11   0   0  17   0 
 37  38   0  79  62   0   0  85   7  82   0  93   0   0   0   0   0   0  57   0   0   0   0  17   0  76   0  94  46   7   0  50   0  95  34   0  51   7  10   0  41  95   0   0  24  21   0   0  80  32   0   0  21   0   0  18   0  56  87   0 
 51   0  44   0  41   0   0   0   0   0   0   0   0   0  62  43   0  12  81   0   0  30  12   0   0   0   0   0  31  81   0   0  84   0  18   0   0   0  27   0  82  30   0   0  96   0   3  88   0   0  42   0   0   0  70  31  82  79  69 
 84  93  34   0   0  70   0   0   0  40  27  62   0  48   7   0   0   0  84  95  52  35  60   0   0   0   0   0  22   0  91   5   0  65   0  22   0  15  66   0  44   0  17  89  50  39   0   0  90   0   0   0   0   0   0   0   0   0 
 26  69   0  22   0   0   0   4  15   0   0   0   6  91   0  81  17  73   0  43  86   0  12  84   0   0  99  67  65   0  65  91  45  80  93   0   0  76   1  37   0   0  98  87  48   0  39  10   0  41   0   0   0   0  78  75   0 
  0  17   0   0   0   0   0   5   0   6   0  23   0   0  84  53   0  57   0  75  58  61   0  65  69  71   0   0   0   0  16  57   0  64   0   0   0   1   0  70  45   0   0  47   0  14   0   0   0   0   0  21  94   0   5  92 
  0  73   0   0   0   0   0   0  34  35  23   0  16   0   0   0   0 100  25   0  13  44  10  57   0  87   0   0   0   0   0  84   0   0  74   0   0  80  81   0  93   0   0   0  96   0  61  30   0  70  20  39  15  97  55 
  0   0  82  32  85   0   0   0   0  40   0   0   0  79  70   0  60   0   6   0  44  30  73   0   0  16  56   0   0   0   0  37  94   0   0   0   6   0   0  48   0  71   0   0   0  26  89   0  93   0  28   0  27  14 
 61   0   0  74  39   0   0   0  44  24   0   0  72   0   0  48  76   0  53  48   0  56   0   0   0  47   0   0   0   0  28  81  56   0   0   0  17  80  95  68   0   0  72  28   0  91   0  40   0  66  80  66   0 
  0   0  40  94   0  95   0  82   0  65  79  53   0   3  63  36   0   0  86  42   0   0   0   0   4  25   0   0  12   0   0   0  41   0  37  10   0  95  79   0   0   0  49  23   0   0   0   0   0  36   0   0 
 11   0   0   0  14  82   6  73   0   0   0  72  95  25  28  78  92   0  29  43  14   0   0  52   0  27   0   0   0   8   4  11   0   0  51   0  41   0  95   0  25   0  59   0   0  62  30  85  33   0  48 
  0  71  55   0 100   0   0   0  72  64  74   4  78  85  69  47   1   0   0   0  92  60  35   0  87  57  90  66  59  83   0  83  23  97   0   0   8   0   0  78   0   0  89   0  50   0   0  61   0  95 
  0  10  13  57   0   0   0  99  85  87  49   0  91   0  63  28   0   0  82  55   0  49  63  33   0   0  88  61   0   0   0  82   0   0   0   0   0   0   2   0  36  29 100   0   0   8   0   0  59 
 78  28   0   0  82  26  34  75  35  96   0   0  14  97  32  73  61   9   0  36   0  67   0   0  78  26   0  22  17   0  60  35   0   3   0   0  47  38  32  73  45  94   0  44   0   0   0   0 
  0   0  87  46  13  40  95  49   0   0   8  75   0   0  96   2  81  38  13   0  84   0   0   0  63  26   0   0   0  81   1  24   0  38   0   0  71   0  10   3   0  88   0  33   0   0   0 
 73  32  78  62  89   0  83  26  24   0   0  93   0   0  70  87  38   0   0   0   0  42  99   0   0   0  76  49  26   0  45  46   0  39   0  68   0  91  93  15   0   7  56  57   0   0 
 82  58   0   0   0   0  93   0  10  35  38   0   0   0  55  95  21  75  48  90  26  63  78  69  51   0  63   0   0  93  35  56   0   4  12   0  96  20   0   0   2   5   0   0   0 
 18  19  92   0   0  92  30   0   0  53 100  69  11  33  74  97  56   5   0   0   0  53   0  65  95  64  15  84   0   0  93   0   0  82   1  85   0  89   0  91   0   9  80  16 
 19   0   0  56   9  84   9   0   1   0   0   0  70  36  66  79   0   1  59  57   0   0  84   5   0  65   2  20   0  33   0   7   0   0  26  60   0  35   0  15  37   0  89 
 12  79   0   0  47  27   0  95   0  11   0   0   0  46   0   0  85   0   0   0  79   0  98   0   0   0  21  64  67   0   0   0   0   0   0   0   0  79  81   0  59   0 
 84   0 100   0   0   0  45   0   0  77   6  49   0   0  33   0  46   0   0   0  42   0  61   7  13  11   0   0   0  37  83  47   0  57   0   0   0  42  53   0  16 
  0  36  87   0  69  79  96   6  20   0   2  27  62  23   0  50  69   0   0  84   0  82  54  93   0  54   0   0   0   6   0   0  43   0   0  80   0   0   1  33 
  0  62   0  18  40  82   0   0  26  40  40   0   0  41  51   0   0   0  76  38  46  14  54   0   0   0  68  73   0  70  94   0   0  52  37   0   0   0  43 
 14  27   0  44  17   0  53  48  71   0   0   5  54   0  45   0   4   0   7 100   0   0  92   0  90   6   0   0  79  15   0  90  81  50   0  55  75   0 
 20  99   0   0  96   0   0  10  45  27  98  43   0  41  77   0  96  79  89  34   0   0   0  95   0  33  47  91  81   0  10  98   0  57  14   1   0 
  0  58  86  86  68  52   0  66  60   0   0   0  80  94   0   0   0   0  19   0   0   0   0  86  75  87  37   0   0   0  62   0  17  10   0   0 
 43   0  30  17  46   3   0   0   0  15   0   0   0   0  65  48  86   0   0  38   0  60  83   0  88   0   0   0  54   0 100   0   0  98  63 
  0  33  84  83   0  59   0   7  70  79  43   0   0  79  94  58  63  16   0   0   0  47  94   0  87  43  80  51   0   0   0  82  72   0 
 54   0   0   2   0   0   0   0  28  96   0  81   0   0  51  64   0   2  60  87  26   0   2   0   0  75  25  49  34   0  86   0   0 
  4   0  22  46   0   0   0  62   0  85  78  66  52   0  66   0   0  39  48   0   0   0  71  69  18  63   0  35   7  52  13  83 
 43  75  13   0   0  64   0   0   0   0  43  20   0   0   0   0  61   0   0  36   5  52   0  37  34   0  75  62  72   8   0 
  0   0   9  31   0   0   0   0  92   0   0  43   0   0   0   0  65   0   0  51  52  42  94   0  69  85   0   0  62   0 
  0   0  85   0   0  11   0  58  79  33   0  80   0   0   0   0   0   0   0  75   0   0  39   0  40  45   0   4   0 
  0  26   0   0   0   0   0  91   0  94  84   0   0   0   7  81  34  18  21   0   0   0  37  10   0   0  65   0 
  0  35   0  70   0  28   0   0   0   0   0   9   0   0   0   0   0  56   0   0  94  35  18   0  93  71   0 
  0   0   0  68   0  58   0   0  10  99   0  73   0  19  12  19  56   0   0   0   0  34  85   0  81   0 
  0   0   0  29   0  40  38  53  54   0   0  79   0   0   0   0  34   0   0  14  50  63   0   0  51 
 93  93   0   0  89  48   0  68  93   0  55   0  14   0   2  68  21  95   0  98  30   0   0  78 
  0   0  82   0  26  47   0   0  69  41   3  55   0  75   0   0  28  52  96  36   2   0   0 
 50   0   0   0  38   0   0   0   0   0   0   0  61  67   0   0  43   0   0  22   0  74 
  0   0  80   0   3  29   0 100  64   0  19  81   0  26  28   0  51   0   0  62  67 
  0  61  19   0   0   4  61  58   0  43   5  74   0   0  65  40   0  13   6  69 
 56  67  62   0   0   0   0  68  97   0   0   3   0   0  53  21  23   0  26 
  1   0   0   0   0   0  91   9   0  84  69  63   0   0  79   0  28   0 
  0  31   0  45  60   0   9   0   0   0   0  47   0   0   0   0  97 
 83  57   0   0   0   0  96  62   0  19  44   0   0   0  89   0 
 72  23  34   0  39   0  63  97   0  80  70   0   0  84   0 
 72   0   0   0   0  37  74  12   0   0   0   0   0  75 
  0   0   0   0   0  68  49  58  19  94   0   0  72 
  0   0  84   0   0   0   0   2  66  31  48   0 
 35   7  55   0   0  93   0   0   0  47  15 
  0   0  28   0  83  84  78  24   9   0 
  0   2   0   0   5   0  39  84  82 
 40  29  48   0   0   0   0   0 
 38  56  74  69   0   0  55 
 20   0   0   0   0  25 
  0  49  50   0   0 
 60   0  87   5 
 59  16   0 
  0   0 
  0 

0
1065
 20  16   9  47  29  14  31  49  17  12  48   8  11  33  10  32  42  10  39  36  42  25   9  40  17  38  29  19  39  10  42  48  23   5  41  50  22   5  32   6  48  38  48  20  46  19  29  41  42  20  23  18  34  24  22  42   2  16  20  24  50  49  13  15   4  17  37   3  19  41   1  10  22   5  36  14  29  26  44  37  25  23   9  48  12  16  23  41   9  40  33  25  31  30  36   2   9  34  21  45 

Comments

Density             : 50.00 %

