r_100_50_1
100
  0  38   0  43   0   1  23   0   0  54  80   0   0   0  72   0   0   0  99   0   0   0  80   0  98  86   0   0  20   0   0  72  58   0  22   0   0   0   3   0  12  13  52   0   0   0   0   0  57   0   0   0  76  17   1  19  81   0   0  25  29  51  95  47   0  74   0   0   0   0  13  26   0   5  32  83  22  47   0  57  87   0   0  31   0  99   0   0  85   0   0  63   0  27   0  75  47  88  51  10 
 23   0   5  95   0   0   0  11  43  83   0  22  57   0  57   0   4  87   0   0   0   0   0   0   0   0  21   0  40   0  46   6   0  71   0  17   0  83   0   0   0  60  48   0   0   0   0  70   0  55   0  10  96   0  92  10  44   0   0   0  31   0  26  13   0  56  53  81   0   0  58  55   0   0   0   0  23  55  47   0   0   0  20   0  39  35   0  52  23  38  33   0   0   0  45  85  91  11   0 
  0   0   0   0   0  12   0  61  54   0   0  86   0  39   0  15  93  31   0   0  24  63   0   0   4   0   0  99  31   0  49  69   0  64  18   0   0   0  43  36  23  63   0  93   0   0   0   0  14   2   0  65   0  45   0   0  36  45   0   0   0  34  51   0   8  34   0  53   0  57   0  86  79  66  76  33   0  15   0  93   0   0   0   0   0   0  98  21  52   0   0   0  94   0  29   0  60  72 
  0  16  22  59  39   0   0  64   3  53   0   0   0   2  75   0  26  96  44   0   0  94   0  36  45  85   2   0  48  15   0  11  35   0   7   0  78  54   8  44   0  69  93   0  21  33   0   0  31   0  57   0  68   0  48  17  71   0   0   0  87  90  88  98   0   0  52   0  52  55   5   0   0  90   0  76  26   0  98  81   0  92   0   0  44  22  68   0   0  46  10   3   0   0 100  39   0 
 96   0  17   0   0  26  86   0  75   0  89   0  26   0  71   0  50  60   0   0   0  26  29  48  36  68   9  66   0   0   0  63  60  86  39   0  14  50   0  10   0   0   0   0  48  44   0  66  26   0   0  86   0   0   0  30  42  34   0   0   0  11   0   0  58 100  76  25  78  19  32   0   0   0  59   0   0   0   0   0   0   0   0   0   0   0   0  17   0  53   0 100   0   1  72  40 
 54   0  33  29  52   0   0  12   0   0  18  23   0   1  52  44   0  23   0   0   0   0   0  45  71  35   0   0  56  88  95  54   0  10   0  69  99  72  50  71  33  81   0   0  99   0  51  78  21   0  75   0   0   0   0  10  38  18  20   0  53  66  99  64  45  52   0   0  75  70   0  23   0   0   0   0  76  29   7   0  17  25  72   0  31   0  45  55  25   0  18  92  56  69   0 
  0  66  70   0  47  41   0  39  55   0   0  74  13   0  53  67   0  88   0  31  34   0   0   0   0   0   0  86   0   0   0   0  93   0  57  82   0  46   0  17   0   0  95  64  48   0   0  27   0  97   3   0   0  40  33  53   0   0  31  87  42  94   0   0   0  63  42  54   0   0  79  96  88   0   0   0   0   0   0  71   0   1  30   0   0   0   0  98  95   0  95   0   0   0 
 52  19   0  61  61   0   0  17   0   0   0   0   0  88  44   7  30 100  49  64   0  16   0   0  79  75  20  78 100  92   0   0   0   0   0  55  70   0   0   0   0   0   0  59  17   0  81  88   0   0   0  23  55   0  63   0   0  22   0   0  12  44   0   0  79   0  28   0   0  71  60   0   0   0   0  74   0   0   0   0   0   0  58  75  57  39   0  82   0  45  87   0   0 
 93   0   0   0  73  85  99  17   0  10  47  35  66   0  80  16   0   0   0  41   0   0   0  43   0   0   0   0  24  42   0  13   0  18  24   0  21  13   0   0   0  22  18   0   0   0   9   0  55  63   2  23  66   0  87  23   0   0  27  33   0   0  30   0   5  76   0  79  97   0   0  83   4   0   0   0   0  94   0  13  29   0   0   0  30   0  88   0   0   0  92  26 
 17  85  61   0  15   0   0   0  42  26   0  33  75   0  18   1  60   0  54  82   0   0  31  77  35  10  99  12   2  84   0   0  76   0  83   0   2   0   0  72   0   0   5 100  28   0  50   0  13  27  69   0   0   0   0   0   0   0  12  28  97  94   0   0  27  99  74  64  57  88  26   0   0   0   0  82   0   0   0   0  70   0   0   0   0   0   0  51   0   0   2 
  0   0  94   0   0  41   0   0   4  83   0   0  75   0  70   0  51   0  92   0  59  68  35  28   0   0  77   6  85   9  78  65   0  62  18  16   0  15   0  15   0  56  85   0  38  12  73  20   0  13   0   9   0   0   0  68   0  78  20  13  65   0  65  98  94   0   0  98  67   0  57  14   0   0   0   0  78   0  97   0   0  37  46  70   0  19  88   0  38   0 
 45   9  78   0  26  13  92  93  17  51  33   0   0  33   0   0   0   0  21   0   0  80  90   0  89   0  25  47  39   0   0   0   0  56  53  61  98  33  58   0  29 100   0  55   0   0   0   0  15   0   0   0   0  37  11  43   0   2  93   0   0  97   0  24   0   2   0   9  86  86   0   0  41  39  33  77  54   0   0   0   0  17   0  80  57  89  81   0   0 
 25  38   0  84  94   0   0  93  12  64  50  88   0   0  10  41  80   0   4  88   0  11  90  99  66  12   0  93   0   0   0  17   0   0   0  35   0   0   0  10   0   6   0   0  84  21  36  88   0  81   0  21  53  82  70  17   0  57  13  22  43  33   0   0   0   0   0  19   0   0   0   0   0  19   0   2  22  89   8   0  49   0  16  14   0   0  71  94 
  0  48  96   0  90   0  70   0   4  34  82  40  91  21  11  15   0   8   0   0   0   0  86   0   0   0   0   0  27   0   0  76   0   0  61   0   0   0  18   3  51   0  18   0   9  62  85   0  79   1   0  35   0   0   0   0   0  19   6   0  20   0   0   0   0   0 100   0   0  25  84   0   0  86  45  98  66  99   0   0  55  69  96  18   4  85   0 
 70  41   0   0  53   0   0  65   0  79   0  34   0   0  96   0  74   0   0   0  46   0   0   0   0   0   0   0   0  47  71  38   0   0   0  98  71   0   0  21  47  40  59  90  30  27  55   0   0  26   0   0  83   0  64  76   0  50  72   0  85   0   0   0   0  11  18  19  36  42  47   0   8  46  42  92   0   0   0   0   0  68   0  61  39  52 
 42 100   2  99   0   0   0   0   0  35   0   0   0  70  24  36  41   0   0  40   0   0  87   0  52  98  40   6  32   0  72  66   0  99  55   0  19  23   0   0  39   0  11   0  90   0   0   0  94   0   0   0   0   0  48  95   0  84   2  20   0  85  63  57  63   0   0  61  89   0  20  88  18   0   2   0  71  17   0   0   0   0  50  21  46 
  0  38  21  48  43   0   0  88  93   0  54   0  81   0 100   0  72 100  51  54   0  36  56  87   0  94  21   1   0  78  54   0   0  27   0   0   0  95  84   0  63   0   0   0  82  54  24   0   0   0   0  52   0   0   0   0   0   0  29   0   0   0  15   0   0  69  58   0  96   0   0  14  52  53   0  78  39   0  60   0   2   0  22  73 
  0  38  16   0  19   0   7  94   0   0  13  18  11  74   0   0  44  44   0   0   0  84   0  29  79  91  79   0   0   0   0  67   9  76   0  94   0   0   0   0  13  31  40   0  38   0  89  63  20   0  24   0   0   0   0  74   0   0  13   0   0   0  68   0  67  28   0   0   0  64   0   3  26   0   9  41  45  22   5   0   0   0   0 
 62  33  86  95  94  99  41  92  52  57   0  88   7  85   0   0  37  16  41  47   0  59  32  76  90   0   0   0   0   0  56  11  31   7   0   0  71  31  79  47  90  70   0  36  24  15  58  12  26   0   0  98   0  85   0   0  32   0  82   0   0  84  26  53   0   0   0  38   0  90   0   0  42   0   0  33  70   0   0   0   5  76 
  0  81   5   0   0  15  46  52  46   0  13   3  85   0  38   0   0  39   8   0   0   0  18   0   0   0   0   0   1   0  43   0   0  83  92   0  20   6  47   0   9  18   0   1   0   0  51  42   0  84   0  18  33  11   8  79  64   0  37   0  33  19  59   0   7   0  39   0   0   0  96   0  49   0  71  83  78  19  90  51  78 
  0   0   0   0  62   0   0   0  37   0   0   0  81   0   0   0   0   0   0   0   0  25  33  11  16   0   1  34   3   0   0   0   0   0   0  85   0  94   0  22  85  44  85   0   0  37  68   0  98  30  46   0  61   0  43   0  18   0  75  90  48  85   0   0  45  64  28   0  15   0   0   0   3   0  69   0  88  99  92   0 
 28   0  55  51  57  29   0   0   0  14  84  88   2  18   0  27   0   6   0   0  10   0  35   0  60  16   0  50  47  91   0   0   0   0  36   0  72  37  78   0   0   0   9  89  69  27  51   0  37   0   0   0   0   6  10   0   0  31   0  96   0  93  58   0   0   0   0  28   0  20  83  79   0   9  24   0   0   0  42 
  0  44   0  58  28   0   0   0   5  78  36   0   0  32   0  68  86  46   0   0   0  99   0   0   0   0   0  48  39   0   0  74  54  62   0  76  53  78  82  29   0   0   0   0   0   0   0  32  68  88   0   0   0   1   0   0   0  60  93   0  42  19  37  75   0   0  16  50  34  15   0  68  99   0  41  63  16  41 
 11  68  15  45  30   0   0   4  94  97   0  48   0   0   0  66   0   0  53   0   0   0  85   0  84  39  25  67  21  93   0   0  84   0  50   0   0   0  96   0  28  85   0  19  36  98  57  27  24  77   0  48   0  73  96   0   0   0   0   0   0   0  24  57   0   0  58  22   0  96   0  19   0   0   0   0  36 
 66  63  63   0   0   0  63  83  82   0  75  98   0  83  68   0   0  12   2   0   7   0  60   0  79  74   0   0  46   0   0  14   0   0  98   0   0  43   0   0   6   0   0   4   0   0   0   0   0   0   0  89  98  42  79   0   0  51  20   0  80  88  39   0   0   0  15  11  39  89  77  71   0   0   0   0 
 12   0  72   0   0   0   0   0   0   0   0   0   0   0   0  98   0   0  41   0   0   0  31  81   0  36   4  77   0  79  54   0   0   0   0  17  16  45  52   0  90  39   0   0   0   0  97 100  53   0  90   0  54   0   0  80   4   0   0   0   0  50  50   0  26   3  76  24  11   0  85  56   0  32  55 
 94   0  45  99  93  14   0   0   6   0   0  36   0   0   0   0   0   0   5   0   0  94   0  93  41  71   0   0  26   0   0   0   0   0   0   0  93   0   0   0   4   0   0   0  39  26  95   0  19   0  49   0   0  99   1   0   0  16  49   0   0  98   0   0   0   0   0  18  97   0   0   0  62  29 
  0   0  26  81   0  37   0  52  85   0  59   0  76  63   0  37   0  52   0   0   0  32  21  18   2   0   0  13   0   0  86  88   9  15  65   0   0   0  52  88   0   0  76   0   0   0   0   0  11  10   0  31  20  22  14   0  68  81  98  27   0  34   0   0  50   0  15   0   0  20  19  69  40 
 95   0  97  68  20  38   0   0  26   0  20   0   0  23   0   0  76   0   0  66  34  98   0  58   0  41   0  50  89 100   0   0   0  80   0   0  25  83  32   0  17   0  71  89  72   0   0   0  26  20   0  11   0   0   0  34  91  64   0   0   0   0   0  36   0   0  27  83  60   0   0   0 
  0  64  83  97   0   0   0  24   0   0  47   2   0   0  85   0   0   0  89  46   0  23   6  30  50   0   7   0   0   0   0  60   0   0  86  40  61   0   0   0  62  56  11  97   0  12  41   0   0  74   0  98  15  98   0  44   0   0  18  98  51   0   0   0   0   0  70   0  21  43   0 
  0  32   8   0  85   0  69   0   0  82   0   0   0   0   0   0   0   0  78   0  43  38  83   0  51  85   0   0   0  36   0   0   0  29   0  98   0  40   0   0  42   0   0  22  51   0   0  88   0   0   0  60  23   0  22   0  61  72  35   4   0  86  62   0  97   0   5  10  72   0 
  0  75   0  41   0   0  51   0  44  43   0  14   0   0  17  73  55  86   0   0   0   0  73   0   0   0  25  75  90   0  90   0  28  89   0  12   0   0   0   0   0  29   0   0  42   0   0   0   0   5  17   0  62   0  91  21   0   0  93  74  93  63   0  14  25   0   0  20  13 
  0  29  53  83  95   0   0  98  24   0   9   0  91  33   0  19   0  94   0   0   0   0  26  42  78  81  64   0   0  70   0   0   0  21   0  43   2   0  56   0   0  63   0   0   0  66   0  78  81  39   0   0  65  11  57   5  19   0  39   0  29  89   0   0   0  81   0   9 
  0   0  26  73   0   0   0  32   0   0  95  98  40   0   0  10  84  14  84  56  64  67   0   0   0   9  54   0   0   0  66   6   0  36  38   0  88   0  62  39   0  44  89  92   0   0   0  69   0   8   0  91   0  54   0   0   0   0   0   0  70   0  67   0   0   0   0 
  0   0  15   0   0   0   0  20   0   0   0  97   0  24  22  71  54   0   0  95  93   0   0   0  45   0  83  82   0   0  75   0   0   0   0   0   0  80   0  53   0   0  64   0  62   0   0   0  38  47  78  50   4   0   0  72   0  11   0   0  60   0  62  35  82  86 
 26  13  90  38   0   0   0   0   6   0  54   0   0   0  19   0  46   0   0   0   0   0   0  49   0  87   0   0  97  68   0   0   0  19   0   0  85   0   0  58   0   0  98  13  72  54  55  37  60   0  48   0   0   0  36   0  81  72   0   0  76  89   0  90  81 
  0  94   0  33  46  99   0  22   3   0  49  81   0  98  93  35  19  49  33  75   0   0  91   0   0   0   0  25  68  14  10  29  67   0   0   0   0   0  51   1  23  33   0  96   0  78   0   2   1  16   0  75  56   0  91   0  63   0   0  70  50   0  31  69 
  0  48   0  64  20   0   0   0  93  77  30   0   0   0   0  32  66   0   0   0  15  63  75  48  17   0  40  97   0   0   0   0  32   0   0  49   0  75   0   0   0  25   0   0   0   0  70   0  92  63   0   0   0   2  68   0  74  78  11   0   0  51   0 
 34   3   0   0   0  30  38  60   0   0  88  69   0   9  50  28   0  51   0   0  28   0  12  47  88  83   0  24   0   0   0   0  65  23  83   0   0  49   0   0   5   0   0  98   0  39  85   8   0   0  45  50  11   0   0   8   0   0   0   0   0  75 
  0   4   0   0  48  24  35  88  53   0  66  38   0  68  89  93   0  95  15  34   0   0  85  16  32  87   0   0  16   0   0  46   0  33   0  43   0  52   0   0  49  20  10   0   0   0   0  70  26   0   0  26  40   0   9   0   5   2  46   0  75 
 78   0  93  89   0   0  67  12   0   0   0  46  99   0  65   0  46   0   0   0   0  13   0   0   0   0  12   0   0   0   1   9  41  91   0   0  90   0   0  66   0   0  74   7  89  44  60  20   0  80   0   0   0   0   0  26  31  79  39  27 
 57  70   0   0   0  84  75  11   0  88   0   0   0  32  24  19  99   0   0   0  24  83   0  49   0   0   0   0  16  16  17   0   0  95  88  16  54  26  50   0  42   0   0  88  32   0   0   0  32  50  87   0  45   0   0   0  29  24  93 
 44   0  78   0   0  24   0  91  49   0  50  50   0   0  45  40   0   6   1  25   0  79   0   0  40   0   0  34  51  27  19  89   0  69  81   9   0   0  35  70   0  53   0   0   0   0  67   0  70   0  48  25   0  88  89   4   0   0 
 60  64  10   0   0   0   0   0   0   0  21   0   0   0   0  22   5   0  31   0  33   1  53   0  12   3   0  67   0   3   0  36  24  82   0  41   0   0  92  61   0  32  62  63  29  16  56  53  51  38   0  41   0   0   0  21   0 
  0  81  87  35  54   0  52  26   0  65  51   0  50   0 100  98   0  41   0   7   0   0  10   0   0  28   0  90  81  37   0  13   0   0  91   0  84   0   0   0   0  36  48   0  42   0  93   0  71   0   0   0   0   0   0  73 
 19   0  25   0   0   0  84  97   3  88  54   0  32  73  91   0   0  63  82  20  63   5   0  50   0   0  93  94  16   0  27  60  49   0  94   0  77   0  68   0   0   0   6   0   0   0   0  20   0   0  70   0  96   0  35 
  0   0   0   0  63   9  74   0   0   0   0   9   0   6  50   0  39   0   0   0   0   0  89   0  58  38  82   0  60  48  88   0  43  76  67  40  22   0  71   0   0   0   0   0  66  87  69   0  20  89   0   0   0   0 
  4   0  29  10 100   0  21   0   0  72  22  45  67  99   0  28  71  29   0   0  90   0   3   0  71  95  73  87   0   0   0  91  34  45   0  52   0   0   0   0  72   0  78   0   0   0  32   0   0  18   0   0   0 
  0   0   8   7   0  33  46  64   0   0   0   0   0  77  61  86  77   0   0   0   0   0   0  76  11   0  44  38   0   0  76   0  42  79  70  96  73  17   0  14   9   0   0   0   0   0  29   0   0   0   0   0 
 53   0   0  78   0   0   0  20   0   0  47   0   0 100  92  18  59   0   0  89  27   0   0  83   0   0  93   0   0  15   0   0   3  56  83   0   0   0  12  47   0   9   0  17  26   0  21   0  24   0   7 
 37  71  87   0  22   0   0  51  67   0  12  34  30   0  96   0   0  83   0   0   0   0  11  51   0   0  90  82  75   0  39  58  92  85   0   0  16   0   0   0  24   0   0   0  63  89   5  54   0   0 
 16  60   0   0   0  92   0  36   0   0   0   0  75  73   0   0  19   0   6   0  42   0   0  15   0   0  54   0  47   0   0   5   0   0  80  79   0   0   0   0   0  59   0  25   0  28  31  89  18 
 78   0  83   0   0   0  24   0   0   0   0   0   0  82  43   0  44   0  40   0  33   0  61   8   0   0   0  40   8  58  85   0  89  51  56  70  37  90   0  95  43   0   0   0  79  28  28  30 
  0   0   0   0  27  13  54  41  47  98  98   0  47   0   0   0   0   2  89   0  94   0   0  34  64  65  98  95   0   0  45   0   0   0  89  35  53   0   0   7   9   0   0   0  62   0  51 
  0  87   0  24   0   0   0   0   0   0  98   0   0   0   0  47   0   0   0  33   0  52  56   6   0  64  78  56   0   0  25  45  72  76   0   0  37   0  97   0  45   0  43   0   0  24 
 58   0  96   0  56  19  62   0   0  70  27   0  51   0  24  70  83  99   0   0   0   0  94   0   0  95  99  53   0   0   0   0   0   0   0  37  84   0  98   0  92   0   0  45   0 
 82   0   0  97  74   0   0   0  61  53  62   0   0   4   0   0  56   0   0  81  50  88  48  33   0  25   0  32  24   0   4  17  76  57   0  94   0  36   0  82   0   0   0  40 
 76  86   5  40  98   4   0   0   0  67   0  90  23  40  82  76   0   0  66   0  98  97   0   0  76  64   0  85   0   0  80   0  54  17  18  59   0  54   0   0  59   0   0 
  0   0  22  11   0  65   0  19   0   0   0  92  94   0  98   0   0   0  92  37   0   0   0   0  29   0  50  46   0   0  86   0   0   0   5   0  93  30  88   6 100   0 
  0  84  31   0   0   0   0   0   0  92   0   0  37   0  43   0  88   0   0   0  67   4   0  96  91  96   0   7   0   0  92   0  22  22   0  26   0   0   0   0  84 
  0   0   0   0   1  96   0  87   0   0  86   0   0   0  19   0   0   0  84   0   0  73  30   0   0   0   0   0  24   0   0   0  88  97   0   0   0  34  62   0 
 10   0   0  85  86   8  86   0   0   0  92   0  82   0   0 100   0  89   0   5   0   0   0   0  11  95  74   8  99  44   0   0   0  51  42  32  20  98   0 
 66   0  77   0  88   0   0   0   0  96   0  66   0  99   0   4   0   0  42  39  93  59  56  38  89   0  61  45   0   0  83   0   0  48  24  24  58   0 
  0   0  26  13  75   0   0   0   0   0  87  72   0  74   0  49   0   0  58  31  55   0   0   0  52   9   0   0  32  42   0   0   0  16   0   0   0 
  0  92  59   0  41  15   0  95  24   0   0   0   0  57   0   0  26   0   8   1  52  98   0   0  91   0   0  69   0  94  64  38   0  13  60   0 
  0   0  81  60  79   0  95  23   0  79  22  10   0   0   0   0   0  75   0   0   0   0   0   0   0  64   0  27  60  16  68   0  65   0   0 
  0  92   0   0  15  43   0  30   0   0  90  91  10  38  23  97   0  12   0   0   0   9   0  59  91   0   0  16  52  40   0   0   0  15 
  0   0   0   0  14   0   0   0   0  97   0   0  86  33  81  82   4   5  38   2  10   0  43  94  30  89  93   0   0  20   0  69  52 
 36   0   0   0   0  86   0   0   0   0   0  68   0  18   0   0  63  16   0  37  58  41  56  68  16   0   0   6   0  15   0   0 
  0   0  10   0  23  69   0   0   0  63   0  37   0  74  45   0   0   0   0   0  65  76  31  32   0  21   0   0  79   0  86 
  0  57  38   0   0   5  24  49  62   0  94  52  26   0  62   0   8   0  27   0  50   0   0   9  20  36  70   0   0  11 
  0   0  61   0   0   0  70  60   0   0  41   2  40  19   0   0  42  39   0   0   0   0  22   0  26  50  23   9  63 
 35  65   0  63   0   0   0   0   0   0  58   0   0   0  25  33   0  46   0  61  65   0  50   0   0   0   0  40 
100  24   0  53  70   0  13  51  43  22   0  11   0  27   0  83   0  37   0  73  10   0  50   0  75  63   0 
 17  11  96   0   0  39  39  84  57   0  38   0   0  27   0   0   0   0  51   0   0   0   0   0   0   0 
 44  78  87   0  32  74  64   0   0   7   0  77   0  32  76  26   0  87  54   0  14  28  42   0   0 
  0  18   0   0   0   7   0   0   0  44   0  86   0   0  79   0   0   0   0   0  58   0   0  92 
  0  73   0  70   0   0   0   0  78  32   0   0  94  25   0  35  82   0   2   0  84   7  24 
 63   0   0  97   0  20   0   0   0   0  66  99   0  97  71   0  31   0  50  38   0   0 
 69  58  52   0   0  94   0  99  41  59   0   0  93   0  73   0  96  46  46  87   0 
 54   0   0   0  80   0   0   0  76  93   4   0   7   4   0  32   0   2   0   0 
 29  66  18  90   0   0   9   0  25   0   0   0  99  12  64   0   0  89  57 
  0   0   2  49  83   0   9   6  46  78   0  77   0  64   8  84  48  93 
  0   0  83   0  51   0   0   0  62  14   0   0  56   0   2  19   0 
 35  84   3   0   0  13   4   0  53  13   0  79  45  89  69   0 
  0  92  87  68  37  64  46   0   0  78   0  37   0  55   0 
 30   7  74   0  34   0  94   0  41   0   0  69  22   0 
 28  69  72   0  15   0  18   0   0   0   0  55  63 
  0  94  80   0  35  45  89  13   0   6  77   0 
  0  61   0  42   0   0   0   0  77  23   0 
  0   0   0   0  19   4  29   0   0  73 
  0  85   0   0   0   0  82  33   0 
  2  16   7  69   0  35  89  80 
  0  54  70  56   4  96   0 
 84  60  13  59   0  64 
  0   0   0  71  77 
 63   0  13   0 
 20   0   0 
 96  40 
  0 

0
1562
 16  35  37  46  28  12  13   3  43  11  24  35  41  13  40  44  10  40  34   9  27  27   1  34  27   3  42  25  50  47  15  20  29   7  48   1  48  12   3  26   1  11   3  46  13   1  45  44  15  49  42  47  35   4  14  23  31  13  42  21   7  39  21   2  26  28  36   5  10  19  38  25  16  38   6  29  16   6  31  15  19  49  45  44  21  15   6  29  47  16  44  42  36  14  32  27  34  11  21  26 

Comments

Density             : 50.00 %

