r_100_50_9
100
 78  81  61   0   0  94  50   0   1   0   0  37   0   0  40   0   0   0   0  64  90  83   0  45   0   0   0  98  74  33   0  28   0   9   0  18   0  30  72   2  57   0  43  95   9  78   0   0  71   0   0   0  60   0   0  26  88  98  22  84  40  48  43   0  14   0   0  42   2  86   0   0   0  85   1  78  92  19  24  44  64  76   0  38  35  22  43  14  33  75  25   0   2  67   0   0  24   0   7   0 
  0  70  89   0   0   0  99  79  63   0   0   0   0   0   0   0   0   0  51   0  46  59   0   0  33   0   0  52   0   0   0   0   0   1  19  85  41   0   0  49   0  57  76  94  26  48  54  74   0  56  92  76  82   0   0  38   0   0  51  29  43  10   0   0   0   0   0   0  98   0   0  43  33   0  91   0   0   0   8  70   0  31   0  35   0   0   0  19   0  93   0  80  37  85  31  78   0   0  30 
  6   0  26   0   0  15   0  85   7   0   0   0  29   0   0  73  44  50   0  22   0  80  68   0  38   0  15  62  15   0   0  18  66  80  93  98   0   0   0  90   5   0   0  13   0   0   0   0   0  95   0   0   0  68   0   3  24  70  13   7  27  22   0   0   0   0  63  68  35  59   1  40   0  24   0   0  76  13  32   0  13  56   0  80  49   0  22   0  69  43  74   0  80  68  88  11   0   0 
 53  22  43  26   0   0  15   0   0  43   0  13   0   0   0   0  74  15   0   0  43   0  58  64   0   0   0   0  51   0  37  34   0  44  62  16  13   0   0   0   0   0  39  37  44   0   0   1   3   0   0   0   2   0  80   0  82   0  72  46   0   0  45  69  13  52   0   0   0   0  32  50  69  45  14   0   0   0  95   0   0   0  41  59   0  82  66  96   0   0   0  24  20  16  36   0   0 
 70  66   0  82   0   0   0   0   0   1   0   0  67   0  43  16   0   0   0  95   0  47 100   0   1   0   0   0   0  65  60  42   4  87   0   0   0  74  64   0  40  54   0   0   0  80   0   0  14   0   0  80  97  67  45   2  13   0   0   0  27  50   0  89   2   0  68   0  88   0  25  80   0  15  87  51  78   0   6  68   0  19   0   0   0   0   0   0   0   0  36   0  80  26   0  72 
 51   0  48  21   2   0   0   0   0  39  44   0   0  67  17   0   0   0   0  43   0   0   0   0  99   0  30  53  15   0   2   0  72  14   0  82   0   0   0   6   0  60   0   0   0  55  69   0   0   0  32  22  27   0  52   0   0   0   0  63   0   0  18  52   0   0  33   0   0   0  40   0   0   0 100   0   0   0   0  30   5   0   5  50   0   0  14   0  62   0   0   0   0   0   0 
 22   0   0  31  70   0  65  53   0  93  34   0   0   0  29   0   0   0  12  96   0   0  44   0  86  77  94  99   0  21   0   6  53   0  81   0   0   0  77  32  36   0   0  61   0  37  42  69  15  38   0  31   0   0  83  45   0  92  62  57   0   0   0   0   0   0  18   0   0   0   0  40  48   0   0 100   0  50   0  68   0  18  89   0   0   0   0  33   0  73   3   0  40   0 
 54  68  13  38  17  46   0  18  10   0  28   0   9   0   0  11   0   0   0   1   2   0   0  56   0  87   0   3   0   0   0  37  59   0   0  70  59  98  24   0   0   0   0   0   0   5   0   0  46   0   0   0  90  72  20   0   4  76  40   0   0  17   0  90   9  14  26  94  15  94   0   0   0  15  81  96   0  88   0  81  89   0  60   0  74  61   0   0   0   0   0  76   0 
 21   0  40   0   0   0  18   0  22  28   0  41  77   0   0   4   0   0  71   0  85  49  51  20   0   0   0  32  63  40  75   0  53  38   0   7 100  74   0   0  63   9   0  78   0   0   0   0   0  20   0   0   0  31   0   0  51   0   0  96  79  32  92  77  12   0   0  34   0   0   0  75   0   0   0  62  91   0   0  81  76   0  86   0   0  10   0   0   0   0  43   0 
 16   0   0   2   0  14   0  29   0   0   3  55   1   0  56  60  19  94   0   0   0   0   0   0   0  18   0  38   0   0  90  29   0   0   0  35   0   0  90   0   0   0   0   0  39   0   0   5   0   0   0  73   0  14   0   0  59  34  81  18  32   0  65  51   0  71  83   0   0   0  79  66  72  22  15  72  72   0   0   0  24   0  46   0   0   0   0   0   0  87  76 
 98  35   0  11  98   0   0   0  48  92 100   0  99  23   0   0  97  35  46  74   0  29   0  14   0  12  33   0   0  93  44  96  83  68  25   0  68   0   0   0   0   0   0   1  77  29   0   0   8  59   0   0  35  99  75   4  79  59   0 100   0  28   0  75   0   0  83   3   0   0  54  68  36  86   0   0   0  68  11  80   0   0   0   0   0   6  62   0  44  65 
 50  66  47   0  22  87   0  52   0  75  80  49   0   0   0  97   0   0   0  78  96  79  45   0   0   0  64   0 100   0  45  62  30  70  24   0   0   0   0   0   3  95  37   0   0   1  87   6   0   0   0   0   0   0   0   0  86   0   0  81  35  27   0  85  41   0   0   0  72  96   0   0   0  38  13  27   0   0  30   0   0  38  85   0  77   0   0   0   0 
 45  48  41   0   0   0   0  16  55  94   0  95  99  46  91   0  56   0   0   0   6   0  81   0   0   0   0   3   9   0   0   0   5  70   0  78  88  98   0   0   0   0   0   0  37   0   0   0  74  42   0   0   0  80   0  77  76   0  23   0   0   0   0   0   0  66   0  74  43  46  58   0   0   0  89   0  67  24  89   0   0   0   0   0   0   0   0  39 
 51  86   0   0  90  25   0  91   0  47   0   0  80   0  24   0   0   0  12  63  98  88   0  49  35  92   0   0   0   0  40  38  60   0  83   0   0  40  38  84   9   0  42   0  57  12   0   0  74   0  71   0  42  63   0   0  61  13   0  77  50   0   0   0  80  77  17  50   0   0   0  64  77   0  90  50   0   0   0   0   0  76   9   0   0   0  64 
  0   0   0  58   0   0   0  10  18  27  17  62   0   0  24  61  90   0  84   0  80  79   0  93  79   0   0   0  74   0  90   0  68   0   0  81  33  55  25   0   0   0   0   0  83   0  23   0   2  16  49  56   0  14  17   0  87  51  54  76   0  48   0   0   0  86   0   0  54  58   0  29   0   0   0   0   0  29   7  58   0   0  28  67  21   0 
  0  89  77   0   0   0   0   0   4   0  34   0   0  75   0   0   0   0   0   0  82  31  42  20   0  87   0   0   0  60  20   0   0   0  21   0  75  78   0   0   0   0  73   0   0   0   0   0  59   0  36  42   0   0   0  97   0  25  70   0   8   0   0  25   0  71   0   0   0 100   0   0   0  53   0   0   0   0   0   4   0   0  66  53   0 
  0  15  63  59   0  71  96   0   0  61   0   0   0  52   0  63   7  79  55   0  65   0  86   0  17  78   0   0   0   0   0   0   0  76   0  14  83   0   0  25   0  45   0   0   0  62  65  83   0  62   0  85  26  47  64   0  51   0   0   0   0   0  18   0  86   0   0   0   0   0   0   0   0   0   0   0   0   0   0   0  79  84   0  17 
 60  70  51  78  36   0  44   0   0  38   0  43  33   0   0  40   0   0   0   0   9   0  88   0  99  37  91   0  19   0  78  97   8  93  62  28   0  24   0   0   7  22   0  88   0  53  40  36  82   0  19   0   4  27   0   3   0  84  34  88   0  70  65  45   6  82  24   0  87   0  38   0  93  75   0   0  27   0   0  65  81   0   0 
 16   0   0   0   0  58  34  41   6  56  54   0   0   0   0  45   0  84   0   0  53   5  80  52   0  55  58   0   0   0   0   0   0  64  43   0   0  14   0   0   5 100   0  21  81  24  80  28   0   0   5   0   0   0  22   0  41  96  34   0   0   0   0  83   0  33  82  66  56   7  60   0   0   0   0   0   0  68  79  12   0   0 
 45  37   0   0  93  27   1   0   0   0  57  69  76   0   0   1  50   0   0  78   0   0  66  94   5   0   0   0  69   0  82   0  45   0   4   0  16  97  79  60   0   0  31  35   0   0   0   0  96  40   0  28   0   0   0   0   0   8   0   0   0   0   0   0  30  14  95   0   3   0  41   0   0   0  86  54   0   0   0   0   0 
  0  23   0   0  56  68   0   0   0   0  27   0  30   0   4   0  11   0   3   0  35   0   0  95  43   1   0  65  15  92   0  25  82  13   0  84   0  50   0  82  78   0   0  77  61   0   0  19  96   0   0  47  94   0  59   0   0  68   0   0  58   0   0   0  46   0  10  75   0  20   0   0  47   0  22   0  37   0   0   0 
  0  96  47  78  96  25   0  25   0  75  16  98  36   0  31   0  70   0   4   0   0   0   0   0   0   0  65  57   0   0  51  87  35   0   0  95   0  42   0   0 100   0   0   0   0   0   0   0   0  68  32  27   0   0  16   0  38   0  25   0   0   0   0   0  42  29  44   0   0  69   0  18   0   0   0   0   0  13  65 
  0   0  91  76   0   0  87   0  29  33   0   0   0   0  93  58   0   4  63  68   0   0  40  33  62   0   0  72  57   0   0   0   0   0  60  52  56  81   0  40   0   0  51  81   0   0  69  21   0   0   0   0   7   0   0  66   0  89  98   0  12   0  30   6  55  93   0   0   0  91   0  41   0  17   4   0  49   0 
 73  63   0   4   2   0   0  73  13   9   0  52  23   0  92  84   0   3  20   9  47   0   0  27  91   0  28   0  52   0   0   0  61  19   0  98   0  40  58   0  38   0  97  93   6   0   0   0   0   0   1  37  51   0   0  23   0   0   0   0  85  69  33   0  63  66   1   0  70  63  98  45   0  56   0   0 100 
 29   0  51   0   0   0  23  13   0   0  40   0  49   0  16  84   0  46   0   0  84   0   0   0   0   0   7  42   0   0  68   0   0  30   1   0   0   0  26   0  52   0   3  26   0   0  86  99  97  83   0  19   0   0  81  60  79  36   0  99   0   0   0  58  99  18   0  37   0   0  45   0  70  32   0   0 
 92  93   0   0   0   0  94   0   0   0  12  87   0   0   0  41   0  91  46   0   0   0   0   0   0   0   0   0   0   0 100   0  16   0   0   0  57   0  57  22   0   6   0  54   0  37   0   0   0   0  36   0   0   0   0   0  57   0  36  63   0   0  18   0  15  47   0  28   0   0  30   0  96  31   0 
  0  81  16   0  19  87  97   4  43   0   0  84   0   0  12  97   0   0   0   0  67   0  84  81   0   0   0   0   0  23   0  20   0   0   0  42  76   4   0   0   0   0   0   0   0   0   0  12   0  95  78   0   0  13  24  41  45   0  53   9  93   0   0  90  94   0  81  81  21  72   0   0  26  93 
 38  85  67  62   0   0   2   0  90   5   0   0   0   0  63   0  96   0   0   0   0   0   8   0  21  10   0   0   0  57   0  60   0   0  17  69  35   0  33  55  83  21  76   0   0  36  97  51  79  48   0  57   0  10   0   0   0  59   7  15  67   0  13   0   1   0   0  55  97  91  69  99  48 
 40  63  47   0  50  17  23   0  46   0   1   0  77   0   0   0   0  93  56   7  54  58  21   0  65  93  11  85   0   0   0  88  96   3  52   0  76  30  37  55   0  70  71   0   0   0  80  33   0   0   0  13  68   0  81   0   8  23  97  37  79   0   0  55   0  25  40  43  44  80  20   0 
  0   0  27   0   0   0   0   0  60   0   0  26   0   0   0  35   0  63  26  87   0   0   0   0   0  17   0   0   0   0   0  36  30   0  85   0  53   0   0   0   0  83   0   0   0   0   0  40   0  98   0   0   0  68   0   0  19   0  69   0   0   7  29   0   0   0   0  42   0   0  74 
 81  50   0   0   6   0   0  85  87   0  78  62  66  60   0   0  41   0   0  68   5   0   0  42  45   0   0   0   0  67  69  63  92   0   0   0  19  78  81   0   8   0  99  33  77   0  61  59  19   8  56   0  87   0  52   1   0  73  17  48   2   0   0  55 100   7  63   0   0   0 
 46  66  29  93  99   0  90   0   0  98   0   0  71  68   0  86   6   0  32  44   0   0  66  30  43  98   0   0   0   0   0   4  17  16  64   0  43   0  63   8  32  69  78   0  97   0   0   0   0   0  32  42  65  98   0   0   0   2  18   0   0   0  53  28   0   9   4  69  93 
 56   0   0   0  25  98  10  73  26   0   0   0  82  77  43  20   2  73  53   0   0  50   0   0  28   4   0   0   0  85   4  81  20   0  93  54  99  90  58   5   0  26   0   0   0   0  68  81  14   0   0   0   0   0   0  88  18   0   0   0   4  48  48  27  72  66 100   0 
 92   0   0  21  55  27  75   0  15  77  62   0   0   0  15   0   0   0   0   0  74  96  20  87  79   0   0  19   0  33  94   0  21  80  24  27   0  82  21  48  25   0   0   0  37  63  18  76   0   0  75   0   0  79  88  74   0   0   0  62  13   0   0   0  71   0  86 
  0   0  31   0   0  50  94   0  93  98   0  77  29   0  90  72   0   0   0  42   0  98   0   0   0  15  77   0  36   0  43  57  24  31  72  94  21  38   0   0  26  51  60  57   0  95   0  92  41   0   0  36   0   0  34   0  52   0  86   0   0   0   0   0   0   0 
  0   0   0  79  76   0   0   0   0  82  24   0   0  50   0   0   0   0   0   0   0  54  73  64  25  24   0  46   0   0  80   0   0   0  43   0  80   0  24  18   0   0  28  24  75  38   0  86  94   0   0  88  61   0  40  54  82  18  43   0   0  43  82   0  52 
 93  42   0  95   0  79  56  70   0   0  90   0   0  22   9   0   0  89  59  65   0  40  32   0  91  26  93   0  59   0  14   0   0   0   0   0   0   0   0   0   0   0   0  75   0   0   0  23   0  30   0   0  58  96  28   0  57   0  98   0   0  76   0  75 
 94  32  40  30  58   0  39   0   0  48  45  82   0  13  56   1  26   0  41   0   0   0   0   0   0  42  42   0  53  78  81  28  51   0   0   0   0   0  50  83   0   0   0   0  85   9  94  24  18  18   0  68  61   0  25   0  80  10   0  90  19   0   0 
  0  28  91  27  49  39  97   0   0  84  45   0   0   0  22   0  61  97  59  39   0   0  30  99   0  49   0   0  32   0  22  46  35   0   0  57   0  81   0  63  18  59  18   0  70  79   0   0   0  77  44   0  98  84   0   0  55  67  68   0   0   0 
 73   0  67   0  68  75  15  67   0   0   0   0   0  88   0  88  64  37  89   0   0  71   0  72   0  26  75  53   0   8   0  57   0  91  13   0   0  70   0   0   0   0   0   0   0   0   0  63   0   0  33  64   0  20   5  85   0   0  41   0   0 
 98   0  22   0  75   0   0  27  43   0   0  76   0   0   0  33  30  58   0  24  60   0  77   0  27  39   0  57  67   0  54  14   0   0   0  15   0   0   0  68  18  63  83  65   0   0   8   3  91  95  88  41  96   0   0  13   0   0   0   0 
 25   0   5   6  88   0   0   0   0   0   0  82  84  62   0  50  35   0   0   8   0   0   0   0  73  20   0  83   2  62  94   0   0   0 100   0   0  92  72   0   0   0  75  27   0  36   0   0  56   0  92  99  59   0  72  42   0  53   0 
  4   0   0  14  31   0  75  31   0  19   0  12   0  78  38   0   0   0   0  98   0  71  50   1  64   0  78   0   0   0   0  57   4   0   0   0  10  89  30   0   0   0   0   0  29  50   0  35  15   0  44   0   0  72   0   0  84  57 
  0  99   0   0   0  12  87   0   0   0   0  60  53   0   7   0   0  80   0   0   0   0   0   0  48  56  76 100  88  35   0  73   0  91   0  68  89   0  37   0   0  38  79   0   0  43   0  81   0   0   0  44  65   0   0  58   0 
 97   0  24   0   0  77  19  24   0   4   0   0   0   0   0   4   0  72   0   0   3   0   0  85  44   0  82   0   0   0  54  82  98  73   0   7   0  22  91   0  13  12  11   0  74  45  83   4  47  55  84  22   4   0  29   0 
  0   0  21   0   0  23   0  81   0   0   0  92  84  33   0   0   0  93   0  46   0   0   0   0   0   0  80  42   0  23  50   9   0   0   0   0  56  58   0   0  44   0  26   0  22  22   0  27  32   0   0   7   0   7  17 
  0  49   0   0   0  94  56   0  55  46   0   0  67  38   0  44   8   0   0   0   0  87   0  37   0   0  16  68   0   0  24  31   8   0  45  56  26   0   0  72  72   0   0   0  52   0   0   0  22  34  47   0  87   0 
 19   0   0  57  37   0   0   0   0   0   5   0  21   0   0  74   0   0   0  43   0   0  48  66  50  29   0   0  61  88   1  92  22   0  78  33   0  79  97   5   0  10   0   0   0   0  98   0   0   0   0  47   9 
 93   0  97   2   0   0   0  82  35   0  76  43  72  25  64  28   0  69  79   0   0  83  80   0   0  28  58  16 100  87   0   0  77   0  49   0  25   0  26   0  48   0   0  49  46   0   0   0   0  85   0   0 
  0  83   0   0   0   0   0  92   0   0   0  81   0   0   0   0   0   0  42  32  78   8  17   0  41   0  56   0  70  31   0  67  42  63   0 100   0   0   0   0  82  13  69  34  96   0  39  21   0   0   0 
 21  25   0   0  69  12  71   0   0   0  19  98  92  11  16   0   0  64  88  81  16  71  99  52  85   0   0   0   9   0   0  44   0   0   0  13   0   0   0  78 100   0  80   0  77  67  58   0   0  35 
  0   0  91   0   0   0  49   0  39  81  88   0   0   0  42   0  42   0   0   0  79  91  51   0   7   7  95   0   0  70   0  97  85   0   0  81   0   0  48   0   0  86  13   0   0   0   0   0   0 
  0  44   7  73   0   0  69  35  57   0   0   0   0   0   0   0  73   0   0   0   0  17   0   0   4  50   0   0   0   0  79   0   0   0  82   0   0  79   0   0   0   0   0  95  24  12  48   0 
  6   0   0   0 100  87   3   0   0  17  19  79  49  70  36  18  56   1  16   0   0  51  30  54  98  45   5  95   0   0  28   0   0  15   0  34   0   0   0   0  33  67   0  13   0  93   0 
 83   0   0  25   5  92   0   0   0  96  67  75   0  22   0   0   0   0   0   0  86   1   0   0  35   0  18   0  83  56   0   0   0  89   0  97  38  73  26   0  55   0   0  43   0  20 
  0   0   0   0  30  26   0   9  78   0  12  27   0  89  88   0   0   0  11   0   0  27   0   0  96   1  86   0  97  58   0   0   0   0  66   0   0   0  77  71   0  91  74  80   0 
  0   0  27  64   0   0  33  72   0  13  88   0   0  23  65   0   0  39   0   0   0  12   0   0   0  36   4  96   0   6   0   0  87   0  17   0  82  11   0   8   0   0   0   0 
 63   0   9   0  20  20   0  20  28  61   0   0   0  61  44  49   8  95  71   0  37   0  86   4  81  57  38   0   0  12  16  53   0  39   0   0   0   0   0   0  85   0  90 
 17  61  79   0   0  71   0  84  45   0  66   0  23  22  45   0   4   0   0   0  13  81   0  25   0   0   0  86   0   0  45  42  56   3   0   0  54  32  35   0   0  11 
 70  49  43   0   4   1 100   0   0  43  70   0  63   5  45  37   0   0  94  61   0   0   0   0  91  95   0  73   0  70   0  67   1   0  73  82  52  13   0  63  19 
 75  57   0   0  34   0   0   0   0   0   0  28  32  54   0   0  73  94   0   0  56   0   0   1  35  46   0  85   0  54   0  82  22  46  98  96   0  18   0  45 
  0  60   0   3  93   0  32  67   2  89  88   0   0  16   0  70   0  22   0   0   0   0   0   0  34   0  30  24   0  81   0  98  65  19   0   0   0  82   0 
  0   0  43  60  58   0  92   0  66   0   0  39   0   0   0  68   0  19  18   0  88  23   0   0  63   0   0   0  96   2  88   0   0  12  56  27  70  47 
  0  33   0   0   9   0  61  97  59   0  35   0  39   0  63   0   0  64  43   0   0  69  55  34  46   0   0  42   0  86   0  58  11   0   0  95   0 
 29   0  52  99  58   0   0  51   0   9   0  11   3  21   0   9  20  81   2   0   8   0   0  83   6   0   0  42  91  68  23   0  69   2  46  55 
 96   0  10  49   0   0  87   0   0  41  87  59   0  45  70  47  19   0   0   1   0  26   0   0   0   0   9   0  27  11  29   0  93   0  23 
  0   0   6   6   0   0   0  93  39   0   0  52  21   0  22  65  51  80   9   0   0  97   0   0   0   0  54  46   0   0   0   2   0   0 
  0  60  42  19   0   0   0   0   0  76  55   0  72  14  22  20   0  65   0   6   0   0  25  40  36  54   0  47  59   0  77  78  94 
  0   0  69  38  83  84   0   0   0   0  35   0  33   0  66  85   0   0   0   0   0   0  97   0   0   0   0   0   0  84   0  97 
 83  13  33   0  76   0   0   0  60  58   5  98  94   0   0  32   0   0   0  97  14   0  50   0  42   0  24   0  15   0   0 
 87  40  93   0  83   0  91   0   0   0   0   0   0   0  24  45   0  73  55   0  35   0   7  66  59   0  20   0  41   0 
 89  53  47  14   0   0   0  51  11   0   0   0  60   0   0   0   0  15  75  86  74   8   0   0  17   0   0   1  99 
  0   0  81  26   0   0  48  95   0  79   0   0   0  73   0   0   0   0  95   0   0   0  36   0   0  90   9   1 
  0  45   0  94   0  44   9   0   0   0  38   0   1   0 100  85   0   0   0  61   0  98  39   0   9  17   0 
  0   0  32  76   0  54   0  61   9  23   0  24  50   0   0  37  57   0  58  87  79   0   0  24   0  33 
 40  30   0  20   0  59   0   0  39  64   0   0   0   0   0   0   0   0  38  69  21  73  85   0  53 
 64   0   0  68   0   0   0   0   0  99   0  42  69   0   0   0   0   0  29  20   0   0   0  84 
 44   0  23  28   0  64  56   0   0   0  40   0   0  13   0   0  19   0  94   0  17   0  12 
 48  10   0  12  63  12   0   0 100  92   0  75   0  88   0   0   0   0   0   0   0  84 
 17  47  72  16  87  57   0  70  77   0  98  98  57   0  26   0   0   0   0   0   6 
  8   0   0   0   0   0   0   0  37   0   0  77  78  78   0  24  59  94   6  14 
 16  78  78   0   0  80  68   0  95  12   2  79   0  15   0   0   0  25   0 
  0   0   0  59   0   0   0   0   0   0  24   0   0  83  86   0   0  21 
 29   0  88   0   0   0   0  29  15  78   0   0  99  51  85  47   0 
  0   0  97  36   0  49   2   0  10  32   0   0   0   0   0   0 
  0   0  65  19  46   0  91   0   0   0   0  86   0   0  69 
  0   0   0  66   0   0   0   0  92   0   0   8   0  74 
  0  61  79   0 100  72   0  74   0  35  81   0   0 
 80   0   0   0  27   0  37   0  87  69   0  99 
 71  13  24  71   3   0   0  80   0   0   9 
 30  75  61  92  72   0   0   0   0   0 
 77   0  54   0  17  59   0   0  60 
  0  76   0  15   0  95   0  54 
  0  90   0  61   0   0  73 
 65  50   0   0  44   0 
  0   0  92  27   4 
 72   0  48  10 
  0  93  37 
  0  24 
 21 

0
1459
 11  41  23  13  21  19  37  34  16  19  42  10  39  48  13  27   2  15  11  47  48  15  50  44  48   5  47   3  39   3  23  34  30  34  21  11  13  16  20  36   9  19   6  37  32  22  15  16  26  35  35  49  41  35  19   9  10  31  26  31  15  27  33  42  27  14  20  10  41  49  25  15  16  46  16  30  21  42  10  27  25  38  38  49  40   8  47  22  22  19  36   7   7  44  42  26  27  34  28  35 

Comments

Density             : 50.00 %

